1		0		288		224		0		272		
1		1		144		800		0		144		
1		2		128		800		0		224		
1		3		0		0		0		0		
2		0		288		240		0		272		
2		1		144		800		0		128		
2		2		128		816		0		240		
2		3		0		0		0		0		
3		0		304		224		0		288		
3		1		160		800		0		160		
3		2		352		800		0		208		
3		3		0		0		0		0		
4		0		288		224		0		288		
4		1		144		816		0		160		
4		2		128		800		0		224		
4		3		0		0		0		0		
5		0		256		224		0		272		
5		1		144		816		0		160		
5		2		128		800		0		208		
5		3		0		0		0		0		
6		0		272		224		0		256		
6		1		160		800		0		144		
6		2		128		816		0		208		
6		3		0		0		0		0		
7		0		272		240		0		256		
7		1		160		816		0		144		
7		2		128		816		0		208		
7		3		0		0		0		0		
8		0		352		208		0		65504		
8		1		224		816		0		128		
8		2		176		800		0		192		
8		3		0		0		0		0		
9		0		272		240		0		256		
9		1		160		816		0		128		
9		2		128		816		0		192		
9		3		0		0		0		0		
10		0		288		224		0		272		
10		1		160		816		0		368		
10		2		128		816		0		192		
10		3		0		0		0		0		
11		0		288		224		0		256		
11		1		144		800		0		128		
11		2		128		816		0		192		
11		3		0		0		0		0		
12		0		272		512		0		272		
12		1		144		816		0		144		
12		2		352		816		0		192		
12		3		0		0		0		0		
13		0		272		208		0		272		
13		1		336		832		0		208		
13		2		352		832		0		208		
13		3		0		0		0		0		
14		0		65504		240		0		272		
14		1		352		832		0		160		
14		2		352		832		0		208		
14		3		0		0		0		0		
15		0		65488		240		0		288		
15		1		368		816		0		128		
15		2		352		832		0		208		
15		3		0		0		0		0		
16		0		65504		240		0		256		
16		1		352		816		0		128		
16		2		352		816		0		208		
16		3		0		0		0		0		
17		0		65504		512		0		256		
17		1		352		816		0		128		
17		2		352		816		0		224		
17		3		0		0		0		0		
18		0		65520		240		0		256		
18		1		352		816		0		144		
18		2		352		816		0		192		
18		3		0		0		0		0		
19		0		288		224		0		65520		
19		1		176		816		0		368		
19		2		144		800		0		224		
19		3		0		0		0		0		
20		0		288		224		0		272		
20		1		160		816		0		160		
20		2		128		816		0		208		
20		3		0		0		0		0		
21		0		65520		512		0		288		
21		1		128		832		0		160		
21		2		352		832		0		208		
21		3		0		0		0		0		
22		0		288		512		0		256		
22		1		144		816		0		160		
22		2		128		832		0		208		
22		3		0		0		0		0		
23		0		288		224		0		256		
23		1		176		832		0		160		
23		2		144		816		0		208		
23		3		0		0		0		0		
24		0		288		224		0		288		
24		1		160		816		0		160		
24		2		128		816		0		224		
24		3		0		0		0		0		
25		0		288		224		0		272		
25		1		144		800		0		176		
25		2		128		800		0		224		
25		3		0		0		0		0		
26		0		288		240		0		288		
26		1		160		816		0		144		
26		2		128		800		0		240		
26		3		0		0		0		0		
27		0		304		224		0		288		
27		1		160		816		0		192		
27		2		128		800		0		224		
27		3		0		0		0		0		
28		0		288		224		0		272		
28		1		160		816		16		176		
28		2		128		816		0		208		
28		3		0		0		0		0		
29		0		272		224		0		272		
29		1		160		816		0		144		
29		2		128		816		0		224		
29		3		0		0		0		0		
30		0		288		224		0		272		
30		1		160		816		0		176		
30		2		128		816		0		224		
30		3		0		0		0		0		
31		0		65520		512		0		256		
31		1		368		832		0		160		
31		2		336		832		0		240		
31		3		0		0		0		0		
32		0		256		240		0		272		
32		1		128		816		0		144		
32		2		352		832		0		240		
32		3		0		0		0		0		
33		0		65504		512		0		272		
33		1		128		832		0		144		
33		2		368		864		0		208		
33		3		0		0		0		0		
34		0		272		208		0		288		
34		1		368		816		0		160		
34		2		336		816		0		512		
34		3		0		0		0		0		
35		0		288		224		0		272		
35		1		160		816		0		160		
35		2		128		800		0		208		
35		3		0		0		0		0		
36		0		65504		240		0		272		
36		1		368		832		0		160		
36		2		336		816		0		512		
36		3		0		0		0		0		
37		0		272		224		0		272		
37		1		144		816		0		176		
37		2		368		800		0		512		
37		3		0		0		0		0		
38		0		256		224		0		272		
38		1		144		832		0		144		
38		2		352		800		0		224		
38		3		0		0		0		0		
39		0		288		224		0		272		
39		1		160		816		0		144		
39		2		128		800		0		224		
39		3		0		0		0		0		
40		0		272		224		0		256		
40		1		144		832		0		144		
40		2		368		816		0		224		
40		3		0		0		0		0		
41		0		272		224		0		256		
41		1		144		816		0		160		
41		2		368		816		0		512		
41		3		0		0		0		0		
42		0		272		512		0		272		
42		1		128		800		0		192		
42		2		128		800		0		512		
42		3		0		0		0		0		
43		0		272		224		0		272		
43		1		160		800		0		160		
43		2		128		800		0		224		
43		3		0		0		0		0		
44		0		288		224		0		256		
44		1		160		800		0		160		
44		2		144		800		0		240		
44		3		0		0		0		0		
45		0		288		224		0		272		
45		1		144		800		0		128		
45		2		144		800		0		224		
45		3		0		0		0		0		
46		0		288		224		0		256		
46		1		160		816		0		144		
46		2		128		800		0		224		
46		3		0		0		0		0		
47		0		288		240		0		256		
47		1		144		816		0		144		
47		2		368		816		0		224		
47		3		0		0		0		0		
48		0		288		224		0		272		
48		1		160		800		0		176		
48		2		128		800		0		512		
48		3		0		0		0		0		
49		0		288		208		0		288		
49		1		160		800		0		176		
49		2		144		816		0		512		
49		3		0		0		0		0		
50		0		272		224		0		288		
50		1		144		848		0		176		
50		2		368		800		0		512		
50		3		0		0		0		0		
51		0		272		224		0		288		
51		1		160		816		0		192		
51		2		128		832		0		240		
51		3		0		0		0		0		
52		0		288		224		0		320		
52		1		160		832		0		176		
52		2		128		832		0		512		
52		3		0		0		0		0		
53		0		272		224		0		304		
53		1		176		832		0		192		
53		2		128		832		0		528		
53		3		0		0		0		0		
54		0		288		208		0		288		
54		1		144		816		0		192		
54		2		128		832		0		512		
54		3		0		0		0		0		
55		0		304		224		0		272		
55		1		128		800		0		176		
55		2		128		816		0		512		
55		3		0		0		0		0		
56		0		272		224		0		288		
56		1		144		832		0		192		
56		2		144		832		0		512		
56		3		0		0		0		0		
57		0		288		240		0		288		
57		1		144		800		0		192		
57		2		128		832		0		512		
57		3		0		0		0		0		
58		0		288		224		0		288		
58		1		144		832		0		176		
58		2		128		816		0		512		
58		3		0		0		0		0		
59		0		272		240		0		304		
59		1		144		832		0		192		
59		2		128		832		0		528		
59		3		0		0		0		0		
60		0		288		208		0		320		
60		1		160		816		0		192		
60		2		368		816		0		512		
60		3		0		0		0		0		
61		0		304		208		0		288		
61		1		144		800		0		176		
61		2		128		816		0		512		
61		3		0		0		0		0		
62		0		304		240		0		256		
62		1		176		800		0		144		
62		2		128		800		0		240		
62		3		0		0		0		0		
63		0		288		240		0		256		
63		1		144		816		0		160		
63		2		128		816		0		512		
63		3		0		0		0		0		
64		0		288		224		0		272		
64		1		144		816		0		160		
64		2		368		816		0		512		
64		3		0		0		0		0		
65		0		288		208		0		272		
65		1		160		816		0		160		
65		2		128		816		0		240		
65		3		0		0		0		0		
66		0		288		224		0		256		
66		1		160		816		0		160		
66		2		128		832		0		240		
66		3		0		0		0		0		
67		0		288		176		0		288		
67		1		160		832		0		144		
67		2		128		816		0		240		
67		3		0		0		0		0		
68		0		288		224		0		272		
68		1		176		832		0		176		
68		2		144		800		0		240		
68		3		0		0		0		0		
69		0		288		224		0		272		
69		1		176		800		0		160		
69		2		128		816		0		224		
69		3		0		0		0		0		
70		0		304		192		0		272		
70		1		176		800		0		176		
70		2		368		800		0		512		
70		3		0		0		0		0		
71		0		288		240		0		256		
71		1		160		848		0		144		
71		2		160		800		0		240		
71		3		0		0		0		0		
72		0		288		208		0		256		
72		1		176		816		0		160		
72		2		128		816		0		224		
72		3		0		0		0		0		
73		0		272		240		0		256		
73		1		160		816		0		160		
73		2		368		848		0		240		
73		3		0		0		0		0		
74		0		288		208		0		256		
74		1		176		816		0		144		
74		2		144		848		0		240		
74		3		0		0		0		0		
75		0		304		240		0		65520		
75		1		192		800		0		128		
75		2		160		832		0		208		
75		3		0		0		0		0		
76		0		288		224		0		65504		
76		1		176		832		0		144		
76		2		144		848		0		224		
76		3		0		0		0		0		
77		0		304		240		0		272		
77		1		160		832		0		128		
77		2		368		816		0		224		
77		3		0		0		0		0		
78		0		65472		224		0		256		
78		1		128		832		0		160		
78		2		304		832		0		208		
78		3		0		0		0		0		
79		0		256		240		0		65520		
79		1		336		832		0		128		
79		2		368		800		0		208		
79		3		0		0		0		0		
80		0		65504		240		0		65520		
80		1		176		832		0		144		
80		2		304		832		0		208		
80		3		16		0		0		0		
81		0		65520		192		0		65504		
81		1		128		864		0		144		
81		2		352		784		0		208		
81		3		0		0		0		0		
82		0		256		240		0		65504		
82		1		144		864		0		128		
82		2		128		848		0		192		
82		3		0		0		0		0		
83		0		65520		512		0		65520		
83		1		176		848		0		128		
83		2		336		864		0		224		
83		3		0		0		0		0		
84		0		256		512		0		65504		
84		1		128		864		0		144		
84		2		144		848		0		224		
84		3		0		0		0		0		
85		0		272		240		0		65504		
85		1		160		864		0		128		
85		2		368		848		0		208		
85		3		0		0		0		0		
86		0		272		208		0		65504		
86		1		176		816		0		368		
86		2		240		816		0		192		
86		3		0		0		0		0		
87		0		336		224		0		65488		
87		1		240		816		0		368		
87		2		544		816		0		192		
87		3		80		0		0		0		
88		0		288		320		0		65504		
88		1		512		800		0		128		
88		2		608		800		0		208		
88		3		0		0		0		0		
89		0		368		208		0		65488		
89		1		240		800		0		368		
89		2		464		800		0		208		
89		3		0		0		0		0		
90		0		336		192		0		65488		
90		1		400		784		0		128		
90		2		816		800		0		208		
90		3		0		0		0		0		
91		0		128		176		0		65504		
91		1		400		496		0		128		
91		2		1088		496		0		208		
91		3		0		0		0		0		
92		0		224		528		0		65504		
92		1		848		480		0		368		
92		2		1584		480		0		224		
92		3		16		0		0		0		
93		0		240		368		0		65488		
93		1		720		432		0		336		
93		2		2112		480		0		208		
93		3		0		0		0		0		
94		0		608		368		0		448		
94		1		1056		400		0		288		
94		2		2816		480		0		224		
94		3		0		0		0		0		
95		0		624		128		0		0		
95		1		1280		608		0		304		
95		2		3024		448		0		208		
95		3		0		0		0		0		
96		0		384		288		0		0		
96		1		976		544		0		272		
96		2		3856		448		0		192		
96		3		0		0		0		0		
97		0		448		368		0		0		
97		1		1344		608		0		272		
97		2		4209		432		0		192		
97		3		0		0		0		0		
98		0		400		336		0		256		
98		1		1152		576		0		256		
98		2		5089		432		0		192		
98		3		0		0		0		0		
99		0		768		256		0		32		
99		1		1168		560		0		256		
99		2		6353		432		0		208		
99		3		0		0		0		0		
100		0		464		256		0		0		
100		1		1264		592		0		256		
100		2		7809		464		0		208		
100		3		0		0		0		0		
101		0		496		256		0		0		
101		1		1248		544		0		65520		
101		2		8658		464		0		208		
101		3		0		0		0		0		
102		0		800		304		0		0		
102		1		1568		560		0		65520		
102		2		10818		464		0		208		
102		3		0		0		0		0		
103		0		480		256		0		0		
103		1		1648		560		0		256		
103		2		12531		496		0		224		
103		3		0		0		0		0		
104		0		848		304		0		0		
104		1		1632		560		0		65504		
104		2		15379		480		0		240		
104		3		0		0		0		0		
105		0		800		304		0		0		
105		1		1472		544		0		65520		
105		2		17428		768		0		240		
105		3		0		0		0		0		
106		0		816		65520		0		0		
106		1		1408		544		0		65504		
106		2		19684		784		0		224		
106		3		0		0		0		0		
107		0		832		65520		0		0		
107		1		1456		544		0		65504		
107		2		22149		768		0		224		
107		3		0		0		0		0		
108		0		496		272		0		0		
108		1		1472		528		0		65488		
108		2		24389		448		0		512		
108		3		0		0		0		0		
109		0		848		336		0		0		
109		1		1424		512		0		65520		
109		2		25414		768		0		240		
109		3		0		0		0		0		
110		0		800		65504		0		16		
110		1		1808		512		0		65504		
110		2		27398		784		0		512		
110		3		0		0		0		0		
111		0		848		256		0		96		
111		1		1504		240		0		65488		
111		2		30023		800		0		512		
111		3		0		0		0		0		
112		0		832		65520		0		0		
112		1		1488		512		0		65520		
112		2		30407		784		0		528		
112		3		0		0		0		0		
113		0		784		288		0		16		
113		1		1792		512		0		65520		
113		2		31559		816		0		240		
113		3		0		0		0		0		
114		0		880		256		0		96		
114		1		1424		512		0		65520		
114		2		32439		688		0		512		
114		3		0		0		0		0		
115		0		816		256		0		0		
115		1		1520		512		0		65504		
115		2		33624		832		0		512		
115		3		0		0		0		0		
116		0		832		288		0		0		
116		1		1472		528		0		65520		
116		2		35176		864		0		544		
116		3		0		0		0		0		
117		0		848		288		0		32		
117		1		1808		528		0		65504		
117		2		35256		848		0		512		
117		3		16		0		0		0		
118		0		496		65520		0		0		
118		1		1520		528		0		65504		
118		2		35912		864		0		512		
118		3		0		0		0		0		
119		0		864		272		0		0		
119		1		1456		544		0		65488		
119		2		32295		848		0		512		
119		3		0		0		0		0		
120		0		816		65520		0		0		
120		1		1520		544		0		65488		
120		2		23637		800		0		240		
120		3		0		0		0		0		
121		0		816		304		0		112		
121		1		1424		528		0		65520		
121		2		19268		816		0		224		
121		3		0		0		0		0		
122		0		800		304		0		0		
122		1		1568		560		0		65520		
122		2		9010		480		0		224		
122		3		0		0		0		0		
123		0		384		368		0		65472		
123		1		960		608		0		304		
123		2		2176		480		0		224		
123		3		0		0		0		0		
124		0		208		352		0		0		
124		1		448		496		0		336		
124		2		720		800		0		240		
124		3		0		0		0		0		
125		0		304		224		0		65520		
125		1		576		848		0		128		
125		2		432		640		0		208		
125		3		0		0		0		0		
126		0		288		240		0		65504		
126		1		544		880		0		144		
126		2		384		880		0		208		
126		3		0		0		0		0		
127		0		288		240		0		65520		
127		1		528		864		0		144		
127		2		576		640		0		240		
127		3		0		0		0		0		
128		0		304		512		0		256		
128		1		544		880		0		160		
128		2		544		672		0		224		
128		3		0		0		0		0		
129		0		256		528		0		288		
129		1		224		880		0		160		
129		2		512		864		0		240		
129		3		0		0		0		0		
130		0		288		512		0		256		
130		1		512		864		0		160		
130		2		512		640		0		240		
130		3		0		0		0		0		
131		0		272		512		0		272		
131		1		208		640		0		192		
131		2		512		688		0		512		
131		3		0		0		0		0		
132		0		288		224		0		272		
132		1		512		640		0		176		
132		2		528		640		0		512		
132		3		0		0		0		0		
133		0		288		224		0		256		
133		1		224		880		0		192		
133		2		208		656		0		512		
133		3		0		0		0		0		
134		0		288		512		0		272		
134		1		224		848		0		176		
134		2		528		864		0		512		
134		3		0		0		0		0		
135		0		288		208		0		272		
135		1		224		864		0		160		
135		2		512		864		0		512		
135		3		0		0		0		0		
136		0		272		240		0		272		
136		1		224		832		0		176		
136		2		528		864		0		240		
136		3		0		0		0		0		
137		0		256		208		0		272		
137		1		208		848		0		176		
137		2		224		864		0		512		
137		3		0		0		0		0		
138		0		288		208		0		272		
138		1		512		848		0		176		
138		2		528		880		0		512		
138		3		0		0		0		0		
139		0		304		208		0		288		
139		1		512		832		0		176		
139		2		528		640		0		512		
139		3		0		0		0		0		
140		0		288		192		0		256		
140		1		224		848		0		176		
140		2		512		880		0		528		
140		3		0		0		0		32		
141		0		256		208		0		65520		
141		1		192		864		0		208		
141		2		512		640		0		240		
141		3		0		0		0		0		
142		0		272		544		0		320		
142		1		208		864		0		192		
142		2		512		880		0		512		
142		3		0		0		0		0		
143		0		272		208		0		288		
143		1		208		864		0		192		
143		2		224		864		0		528		
143		3		0		0		0		0		
144		0		272		224		0		304		
144		1		208		864		0		208		
144		2		512		864		0		528		
144		3		0		0		0		0		
145		0		272		208		0		272		
145		1		208		848		0		176		
145		2		224		880		0		544		
145		3		0		0		0		0		
146		0		272		176		0		272		
146		1		192		864		0		192		
146		2		208		880		0		528		
146		3		0		0		0		0		
147		0		256		576		0		272		
147		1		192		688		0		176		
147		2		208		672		0		528		
147		3		0		0		0		0		
148		0		272		528		0		272		
148		1		192		880		0		192		
148		2		512		656		0		528		
148		3		0		0		0		0		
149		0		272		224		0		304		
149		1		192		880		0		192		
149		2		208		640		0		528		
149		3		0		0		0		0		
150		0		256		240		0		304		
150		1		192		640		0		192		
150		2		192		640		0		528		
150		3		0		0		0		0		
151		0		272		208		0		304		
151		1		160		464		0		160		
151		2		240		800		0		512		
151		3		0		0		0		0		
152		0		304		224		0		288		
152		1		208		784		0		160		
152		2		528		704		0		512		
152		3		0		0		0		0		
153		0		272		240		0		65520		
153		1		144		1088		0		144		
153		2		544		1568		0		528		
153		3		0		0		0		0		
154		0		65520		400		0		256		
154		1		144		1120		0		336		
154		2		544		3760		0		512		
154		3		0		0		0		0		
155		0		65504		464		0		65504		
155		1		336		1552		0		272		
155		2		592		4529		0		512		
155		3		0		0		0		0		
156		0		65504		496		0		16		
156		1		368		1568		0		272		
156		2		592		6737		0		512		
156		3		0		0		0		0		
157		0		65504		784		0		464		
157		1		352		1472		0		256		
157		2		576		8210		0		224		
157		3		0		32		0		0		
158		0		65488		880		0		0		
158		1		336		1824		0		256		
158		2		624		9442		0		512		
158		3		0		0		0		0		
159		0		65488		640		0		65472		
159		1		336		1808		0		256		
159		2		624		13075		0		512		
159		3		0		0		0		0		
160		0		65488		864		0		512		
160		1		320		1712		0		65504		
160		2		624		15299		0		512		
160		3		0		0		0		0		
161		0		65488		880		0		16		
161		1		304		1776		0		65504		
161		2		624		19892		0		512		
161		3		16		0		0		0		
162		0		16		672		0		16		
162		1		288		2112		0		65472		
162		2		624		26038		0		208		
162		3		0		0		0		0		
163		0		65488		864		0		64		
163		1		288		2112		0		65472		
163		2		400		30279		0		240		
163		3		0		0		0		0		
164		0		65472		688		0		65472		
164		1		256		1744		0		65488		
164		2		400		34856		0		512		
164		3		32		0		0		0		
165		0		65488		864		0		0		
165		1		272		2096		0		65488		
165		2		432		38489		0		560		
165		3		0		0		0		0		
166		0		65520		640		0		192		
166		1		304		2064		0		65520		
166		2		432		42122		0		544		
166		3		0		0		0		0		
167		0		65488		704		0		0		
167		1		288		1920		0		65504		
167		2		416		46283		0		576		
167		3		0		0		0		0		
168		0		16		656		0		0		
168		1		65520		2160		0		65520		
168		2		400		50012		0		592		
168		3		0		0		0		0		
169		0		0		1024		0		0		
169		1		256		2128		0		65520		
169		2		416		53789		0		592		
169		3		0		0		0		0		
170		0		0		640		0		432		
170		1		65520		2000		0		65520		
170		2		432		56285		0		608		
170		3		0		0		0		0		
171		0		65456		736		0		0		
171		1		65520		2128		0		65520		
171		2		448		58654		0		384		
171		3		0		0		0		0		
172		0		0		704		0		0		
172		1		65520		1920		0		65520		
172		2		448		60974		0		608		
172		3		0		65408		0		0		
173		0		65472		688		0		0		
173		1		256		2032		0		65520		
173		2		464		62191		0		624		
173		3		0		0		0		0		
174		0		0		1056		0		0		
174		1		65520		2016		0		65520		
174		2		384		63839		0		624		
174		3		0		0		0		0		
175		0		0		672		0		592		
175		1		65504		2320		0		272		
175		2		416		65279		0		624		
175		3		0		0		0		0		
176		0		544		704		0		0		
176		1		65504		1968		0		272		
176		2		448		65279		0		624		
176		3		0		0		0		0		
177		0		65456		720		0		0		
177		1		256		1952		0		256		
177		2		480		65279		0		608		
177		3		0		16		0		0		
178		0		65440		720		0		65520		
178		1		65488		2304		0		65520		
178		2		464		65279		0		608		
178		3		0		0		0		0		
179		0		65424		1024		0		0		
179		1		65504		1952		0		272		
179		2		496		65279		0		624		
179		3		0		0		0		0		
180		0		65456		640		0		0		
180		1		65504		2384		0		256		
180		2		448		65279		0		384		
180		3		0		0		0		0		
181		0		65424		688		0		272		
181		1		65520		2016		0		65520		
181		2		496		65279		0		608		
181		3		0		0		0		0		
182		0		65440		1024		0		0		
182		1		65520		2304		0		65520		
182		2		496		65279		0		624		
182		3		0		0		0		0		
183		0		0		704		0		0		
183		1		256		2304		0		256		
183		2		768		65279		0		608		
183		3		0		0		0		0		
184		0		224		736		0		208		
184		1		65520		2016		0		65504		
184		2		480		65279		0		592		
184		3		0		0		0		0		
185		0		352		656		0		0		
185		1		65504		2192		0		65504		
185		2		480		65279		0		608		
185		3		0		0		0		0		
186		0		464		736		0		0		
186		1		65472		2368		0		256		
186		2		480		65279		0		592		
186		3		0		0		0		0		
187		0		416		1072		0		0		
187		1		65472		2416		0		65488		
187		2		464		65279		0		608		
187		3		0		0		0		0		
188		0		0		672		0		272		
188		1		65472		2176		0		65520		
188		2		448		65279		0		608		
188		3		0		0		0		0		
189		0		0		1040		0		112		
189		1		65456		2368		0		65504		
189		2		432		65279		0		384		
189		3		0		0		0		0		
190		0		0		672		0		0		
190		1		65472		2192		0		65520		
190		2		432		65279		0		384		
190		3		0		0		0		0		
191		0		65456		1056		0		336		
191		1		65488		2336		0		272		
191		2		496		65279		0		384		
191		3		0		0		0		0		
192		0		65440		688		0		384		
192		1		65520		2368		0		256		
192		2		816		65279		0		384		
192		3		0		80		16		0		
193		0		65440		656		0		0		
193		1		65520		2400		0		65520		
193		2		496		65279		0		624		
193		3		0		16		0		0		
194		0		65440		1072		0		0		
194		1		272		2336		0		65520		
194		2		816		65279		0		624		
194		3		0		0		0		0		
195		0		65456		672		0		65520		
195		1		65520		2176		0		65504		
195		2		800		65279		0		384		
195		3		0		0		0		0		
196		0		65456		656		0		0		
196		1		272		2352		0		65520		
196		2		784		65279		0		400		
196		3		0		0		0		0		
197		0		65488		752		0		0		
197		1		65520		2400		0		65520		
197		2		800		65279		0		384		
197		3		0		0		0		0		
198		0		65472		1024		0		0		
198		1		288		2384		0		65520		
198		2		816		65279		0		400		
198		3		0		0		0		0		
199		0		65488		1120		0		0		
199		1		272		2320		0		65504		
199		2		784		65279		0		416		
199		3		0		0		0		0		
200		0		65520		1040		0		0		
200		1		288		2400		0		65456		
200		2		496		65279		0		624		
200		3		0		0		0		0		
201		0		65488		704		0		0		
201		1		304		1952		0		65488		
201		2		432		45131		0		560		
201		3		0		0		0		0		
202		0		65520		752		0		608		
202		1		336		1680		0		256		
202		2		560		9138		0		528		
202		3		0		0		0		0		
203		0		304		384		0		65424		
203		1		144		1312		0		368		
203		2		528		1936		0		240		
203		3		0		0		0		0		
204		0		272		384		0		65488		
204		1		160		1088		0		128		
204		2		240		2096		0		528		
204		3		0		0		0		0		
205		0		256		384		0		65504		
205		1		160		976		0		144		
205		2		512		2064		0		512		
205		3		0		0		0		0		
206		0		288		384		0		65488		
206		1		144		896		0		144		
206		2		208		1856		0		512		
206		3		0		0		0		0		
207		0		256		592		0		256		
207		1		176		1040		0		160		
207		2		208		1456		0		528		
207		3		0		0		0		0		
208		0		256		576		0		256		
208		1		160		1120		0		160		
208		2		192		1424		0		528		
208		3		0		0		0		0		
209		0		288		592		0		256		
209		1		128		752		0		160		
209		2		176		1552		0		512		
209		3		0		0		0		0		
210		0		65504		592		0		256		
210		1		128		1024		0		160		
210		2		192		1200		0		512		
210		3		0		0		0		0		
211		0		256		560		0		256		
211		1		160		752		0		176		
211		2		176		1152		0		512		
211		3		0		0		0		0		
212		0		256		544		0		256		
212		1		144		736		0		144		
212		2		160		1248		0		512		
212		3		0		0		0		0		
213		0		65520		528		0		256		
213		1		128		1040		0		160		
213		2		192		1312		0		528		
213		3		0		0		0		0		
214		0		256		544		0		256		
214		1		160		704		0		160		
214		2		208		1008		0		544		
214		3		0		0		0		0		
215		0		256		528		0		65520		
215		1		160		672		0		176		
215		2		208		1280		0		512		
215		3		0		0		0		0		
216		0		272		544		0		272		
216		1		144		656		0		192		
216		2		208		944		16		512		
216		3		0		0		0		0		
217		0		65504		512		0		288		
217		1		144		688		0		176		
217		2		192		1280		0		528		
217		3		0		0		0		0		
218		0		272		528		16		272		
218		1		160		672		0		192		
218		2		208		1136		0		544		
218		3		0		0		0		0		
219		0		256		528		0		288		
219		1		144		688		0		192		
219		2		192		912		0		528		
219		3		0		0		0		0		
220		0		288		512		0		288		
220		1		176		672		0		192		
220		2		208		912		0		528		
220		3		0		0		0		0		
221		0		304		576		0		288		
221		1		176		704		0		176		
221		2		208		896		0		528		
221		3		0		0		0		0		
222		0		304		528		0		288		
222		1		176		672		0		208		
222		2		224		896		0		512		
222		3		0		0		0		0		
223		0		288		512		0		272		
223		1		192		688		0		176		
223		2		208		928		0		528		
223		3		64		0		0		0		
224		0		304		528		0		272		
224		1		192		656		0		192		
224		2		512		1120		0		512		
224		3		0		0		0		0		
225		0		336		512		0		272		
225		1		224		656		0		192		
225		2		208		1136		0		528		
225		3		0		0		0		0		
226		0		304		512		0		288		
226		1		208		640		0		192		
226		2		240		752		0		528		
226		3		0		0		0		0		
227		0		320		224		0		272		
227		1		208		880		0		208		
227		2		240		1040		0		528		
227		3		0		0		0		0		
228		0		304		528		0		272		
228		1		208		656		0		176		
228		2		224		1088		0		512		
228		3		0		0		0		0		
229		0		336		512		0		288		
229		1		224		640		0		192		
229		2		240		1072		0		512		
229		3		0		0		0		0		
230		0		320		528		0		288		
230		1		240		640		0		192		
230		2		240		1072		0		528		
230		3		0		0		0		0		
231		0		336		544		0		288		
231		1		224		656		0		176		
231		2		224		1104		0		512		
231		3		0		0		0		0		
232		0		320		528		0		272		
232		1		208		672		0		208		
232		2		208		1120		0		528		
232		3		0		0		0		0		
233		0		336		512		0		256		
233		1		240		672		0		208		
233		2		224		1040		0		512		
233		3		0		0		0		0		
234		0		352		544		0		288		
234		1		224		672		0		192		
234		2		240		1120		0		544		
234		3		0		0		0		0		
235		0		320		512		0		272		
235		1		240		656		0		192		
235		2		240		896		0		560		
235		3		0		0		0		0		
236		0		336		512		0		288		
236		1		192		880		0		160		
236		2		528		912		0		592		
236		3		0		0		0		0		
237		0		336		528		0		288		
237		1		192		880		0		160		
237		2		560		944		0		592		
237		3		0		0		0		0		
238		0		352		224		0		272		
238		1		224		864		0		176		
238		2		608		960		0		608		
238		3		0		0		0		0		
239		0		368		512		0		256		
239		1		240		864		0		176		
239		2		592		1280		0		608		
239		3		0		0		0		0		
240		0		336		512		0		65520		
240		1		224		656		0		128		
240		2		592		1280		0		576		
240		3		0		0		0		0		
241		0		352		544		0		65520		
241		1		208		848		0		352		
241		2		624		1296		0		592		
241		3		0		0		0		0		
242		0		336		560		0		65504		
242		1		208		848		0		368		
242		2		592		1312		0		624		
242		3		0		0		0		0		
243		0		336		240		0		65504		
243		1		208		816		0		368		
243		2		624		1104		0		592		
243		3		0		0		0		0		
244		0		368		240		0		256		
244		1		208		784		0		368		
244		2		608		992		0		608		
244		3		0		0		0		0		
245		0		336		528		0		65520		
245		1		240		880		0		128		
245		2		608		1312		0		624		
245		3		0		0		0		0		
246		0		336		208		0		65520		
246		1		208		800		0		368		
246		2		384		1136		0		624		
246		3		0		0		0		0		
247		0		352		512		0		65520		
247		1		208		832		0		128		
247		2		592		1296		0		592		
247		3		0		16		0		0		
248		0		320		512		0		256		
248		1		192		864		0		352		
248		2		592		1296		0		624		
248		3		0		0		0		0		
249		0		320		560		0		65504		
249		1		208		656		0		368		
249		2		608		1344		0		608		
249		3		0		0		0		0		
250		0		336		512		0		65504		
250		1		224		880		0		144		
250		2		608		1328		0		384		
250		3		0		0		0		0		
251		0		336		544		0		272		
251		1		192		832		0		128		
251		2		608		1312		0		384		
251		3		0		0		0		0		
252		0		352		528		0		256		
252		1		192		832		0		144		
252		2		624		1280		0		400		
252		3		0		0		0		0		
253		0		320		512		0		256		
253		1		192		640		0		160		
253		2		592		1392		0		416		
253		3		0		0		0		0		
254		0		336		544		0		272		
254		1		192		848		0		144		
254		2		608		1280		0		416		
254		3		0		0		0		0		
255		0		304		528		0		256		
255		1		192		864		0		144		
255		2		624		1008		0		400		
255		3		0		0		0		0		
256		0		336		544		0		272		
256		1		192		800		0		144		
256		2		624		928		0		416		
256		3		0		0		0		0		
257		0		352		544		0		272		
257		1		208		864		0		144		
257		2		608		1312		0		384		
257		3		0		0		0		0		
258		0		336		560		0		256		
258		1		208		864		0		144		
258		2		624		1312		0		384		
258		3		0		0		0		0		
259		0		368		544		0		272		
259		1		192		816		0		128		
259		2		624		1392		0		416		
259		3		0		0		0		0		
260		0		320		544		0		256		
260		1		208		848		0		176		
260		2		608		976		0		432		
260		3		0		16		0		0		
261		0		320		560		0		288		
261		1		192		848		0		160		
261		2		608		976		0		400		
261		3		0		0		0		0		
262		0		336		560		0		256		
262		1		192		880		0		160		
262		2		592		1312		0		384		
262		3		0		0		0		0		
263		0		336		560		0		256		
263		1		192		848		0		160		
263		2		592		944		0		384		
263		3		0		0		0		0		
264		0		336		544		0		272		
264		1		192		832		0		144		
264		2		544		896		0		528		
264		3		0		0		0		0		
265		0		272		240		0		65472		
265		1		192		848		0		336		
265		2		224		720		0		176		
265		3		0		0		0		0		
266		0		320		528		0		65472		
266		1		176		496		0		320		
266		2		224		688		0		208		
266		3		0		0		0		0		
267		0		320		208		0		65504		
267		1		144		848		0		368		
267		2		224		1040		0		208		
267		3		0		0		0		0		
268		0		320		528		0		65488		
268		1		192		848		0		368		
268		2		224		736		0		224		
268		3		0		0		0		0		
269		0		320		512		0		65504		
269		1		192		848		0		128		
269		2		224		752		0		224		
269		3		0		0		0		0		
270		0		320		512		0		65504		
270		1		192		832		0		128		
270		2		240		1024		0		224		
270		3		0		0		0		0		
271		0		320		608		0		65520		
271		1		192		864		0		160		
271		2		240		736		0		240		
271		3		0		0		0		0		
272		0		320		240		0		65488		
272		1		224		832		0		144		
272		2		512		704		0		224		
272		3		0		0		0		0		
273		0		368		512		0		65520		
273		1		224		848		0		144		
273		2		512		704		0		240		
273		3		0		0		0		0		
274		0		320		512		0		65488		
274		1		208		848		0		320		
274		2		512		704		0		192		
274		3		0		0		0		0		
275		0		336		208		0		256		
275		1		176		848		0		464		
275		2		208		672		0		1184		
275		3		0		0		0		0		
276		0		256		144		0		624		
276		1		144		416		0		1120		
276		2		224		720		0		5329		
276		3		0		0		0		0		
277		0		256		352		0		432		
277		1		352		608		0		1200		
277		2		512		688		0		10834		
277		3		0		0		0		0		
278		0		65520		304		0		448		
278		1		320		560		0		1568		
278		2		512		688		0		17652		
278		3		0		0		0		0		
279		0		65488		304		0		784		
279		1		320		208		0		1248		
279		2		512		704		0		23685		
279		3		0		0		0		0		
280		0		65520		320		0		448		
280		1		320		576		0		1408		
280		2		512		720		0		27446		
280		3		0		0		0		0		
281		0		65488		288		0		816		
281		1		320		560		0		1584		
281		2		544		736		0		25974		
281		3		0		0		0		0		
282		0		256		320		0		480		
282		1		304		576		0		1264		
282		2		240		736		0		7025		
282		3		0		0		0		0		
283		0		336		176		0		336		
283		1		208		864		0		192		
283		2		176		736		0		192		
283		3		0		0		0		0		
284		0		288		512		0		65488		
284		1		176		816		0		336		
284		2		224		656		0		368		
284		3		0		0		0		0		
285		0		304		512		0		65504		
285		1		208		784		0		336		
285		2		208		640		0		144		
285		3		0		0		0		0		
286		0		304		528		0		65520		
286		1		192		816		0		368		
286		2		224		688		0		160		
286		3		0		0		0		0		
287		0		320		528		0		65520		
287		1		208		848		0		128		
287		2		240		640		0		128		
287		3		0		0		0		0		
288		0		336		240		0		65520		
288		1		208		832		0		352		
288		2		240		640		0		128		
288		3		0		0		0		0		
289		0		304		512		0		65520		
289		1		208		816		0		128		
289		2		176		656		0		208		
289		3		16		0		0		0		
290		0		336		528		0		256		
290		1		208		816		0		176		
290		2		192		880		0		192		
290		3		0		0		0		0		
291		0		304		528		0		65520		
291		1		192		816		0		160		
291		2		192		688		0		192		
291		3		0		0		0		0		
292		0		288		592		0		256		
292		1		144		832		0		144		
292		2		144		640		0		192		
292		3		0		0		0		0		
293		0		256		240		0		65520		
293		1		400		656		0		160		
293		2		512		848		0		192		
293		3		0		0		0		0		
294		0		160		192		0		65520		
294		1		1136		720		0		176		
294		2		448		816		0		176		
294		3		0		0		0		0		
295		0		544		352		0		65488		
295		1		2064		880		0		192		
295		2		672		800		0		128		
295		3		0		0		0		0		
296		0		496		128		0		65488		
296		1		2976		640		0		176		
296		2		992		784		0		144		
296		3		0		0		0		0		
297		0		800		304		0		65472		
297		1		4961		864		0		176		
297		2		1008		480		0		368		
297		3		16		0		0		0		
298		0		832		288		0		0		
298		1		6001		848		0		192		
298		2		1200		384		0		128		
298		3		0		0		0		0		
299		0		688		272		0		0		
299		1		8322		784		0		160		
299		2		1248		384		0		368		
299		3		0		0		0		0		
300		0		688		65520		0		288		
300		1		11906		432		0		176		
300		2		1584		608		0		352		
300		3		0		0		0		0		
301		0		1024		65408		0		0		
301		1		14035		864		0		144		
301		2		1408		416		0		304		
301		3		0		0		0		0		
302		0		1056		96		0		0		
302		1		18452		768		0		176		
302		2		1632		608		0		336		
302		3		0		0		0		0		
303		0		1056		160		0		0		
303		1		22629		832		0		192		
303		2		1504		576		0		304		
303		3		0		0		0		0		
304		0		1104		0		0		144		
304		1		26198		880		0		176		
304		2		1504		512		0		336		
304		3		0		0		0		0		
305		0		1040		0		0		16		
305		1		29607		640		0		192		
305		2		1488		576		0		336		
305		3		0		0		0		0		
306		0		896		0		0		0		
306		1		33512		640		0		192		
306		2		1856		544		0		320		
306		3		0		0		0		0		
307		0		1088		304		0		0		
307		1		37673		656		0		192		
307		2		1472		544		0		336		
307		3		0		0		0		0		
308		0		1072		112		0		16		
308		1		42074		672		0		208		
308		2		1824		544		0		304		
308		3		0		0		0		0		
309		0		1136		0		0		0		
309		1		45131		704		0		192		
309		2		1504		512		0		304		
309		3		0		0		0		0		
310		0		1072		0		0		144		
310		1		47611		720		0		208		
310		2		1440		544		0		304		
310		3		0		0		0		0		
311		0		1120		0		0		544		
311		1		49580		736		0		208		
311		2		1808		576		0		288		
311		3		0		0		0		0		
312		0		1104		176		0		0		
312		1		51532		720		0		208		
312		2		1440		576		0		336		
312		3		32		0		0		0		
313		0		1088		65520		0		0		
313		1		51468		736		0		208		
313		2		1520		560		0		320		
313		3		0		0		0		0		
314		0		896		0		0		0		
314		1		47179		720		0		208		
314		2		1808		560		0		320		
314		3		16		0		0		0		
315		0		1072		0		0		65472		
315		1		42666		688		0		208		
315		2		1504		512		0		320		
315		3		0		0		0		0		
316		0		1120		0		0		0		
316		1		33384		640		0		192		
316		2		1808		528		0		304		
316		3		0		0		0		0		
317		0		1056		1104		0		0		
317		1		18948		832		0		176		
317		2		1632		576		0		304		
317		3		0		0		0		0		
318		0		736		272		0		0		
318		1		12146		816		0		160		
318		2		1632		560		0		336		
318		3		0		0		0		0		
319		0		736		65472		0		64		
319		1		6289		816		0		160		
319		2		1360		384		0		368		
319		3		64		0		0		0		
320		0		448		336		0		65456		
320		1		2784		848		0		160		
320		2		864		496		0		128		
320		3		0		0		0		0		
321		0		528		160		0		256		
321		1		880		816		0		144		
321		2		416		848		0		176		
321		3		0		0		0		0		
322		0		336		224		0		65520		
322		1		480		784		0		144		
322		2		592		848		0		144		
322		3		0		0		0		0		
323		0		352		192		0		65488		
323		1		464		784		0		352		
323		2		576		880		0		128		
323		3		0		0		0		0		
324		0		352		208		0		65488		
324		1		416		848		0		128		
324		2		576		880		0		160		
324		3		0		0		0		0		
325		0		128		176		0		65472		
325		1		432		816		0		368		
325		2		576		640		0		160		
325		3		0		0		0		0		
326		0		336		512		0		65488		
326		1		560		544		0		320		
326		2		240		848		0		176		
326		3		0		0		0		0		
327		0		272		208		0		256		
327		1		384		640		0		176		
327		2		240		816		0		144		
327		3		0		0		0		0		
328		0		65456		832		0		0		
328		1		496		6865		0		176		
328		2		336		1504		0		320		
328		3		0		0		0		0		
329		0		65440		1088		0		32		
329		1		448		16067		0		352		
329		2		288		1680		0		65520		
329		3		0		0		0		0		
330		0		0		1136		0		48		
330		1		800		24870		0		320		
330		2		272		1712		0		65504		
330		3		0		0		0		0		
331		0		32		976		0		0		
331		1		496		32503		0		320		
331		2		256		2144		0		65504		
331		3		0		0		0		0		
332		0		64		992		0		0		
332		1		496		39257		0		352		
332		2		65520		2096		0		65520		
332		3		0		64		0		0		
333		0		624		944		0		0		
333		1		816		44922		0		352		
333		2		256		2128		0		65520		
333		3		0		0		0		0		
334		0		0		1296		0		0		
334		1		768		50508		0		352		
334		2		65520		1984		0		65504		
334		3		0		32		0		0		
335		0		80		944		0		0		
335		1		816		54989		0		128		
335		2		65520		1920		0		65520		
335		3		0		0		0		0		
336		0		0		960		0		0		
336		1		816		58574		0		128		
336		2		272		1952		0		65520		
336		3		0		0		0		0		
337		0		96		960		0		0		
337		1		816		61983		0		368		
337		2		256		2112		0		65520		
337		3		0		0		0		0		
338		0		80		896		0		0		
338		1		800		63759		0		128		
338		2		65520		1936		0		65504		
338		3		0		0		0		0		
339		0		0		1280		0		0		
339		1		800		64687		0		368		
339		2		65520		1984		0		65504		
339		3		0		0		0		0		
340		0		0		928		0		0		
340		1		496		65279		0		368		
340		2		65520		2000		0		65520		
340		3		0		0		0		0		
341		0		0		960		0		0		
341		1		816		65279		0		128		
341		2		272		2320		0		65488		
341		3		0		0		0		0		
342		0		0		1280		0		0		
342		1		800		65279		0		368		
342		2		256		2000		0		65504		
342		3		0		0		0		0		
343		0		32		976		0		0		
343		1		496		65279		0		144		
343		2		272		2336		0		65504		
343		3		0		0		0		0		
344		0		0		1280		0		0		
344		1		800		65279		0		128		
344		2		65520		2016		0		65520		
344		3		0		0		0		0		
345		0		0		960		0		0		
345		1		832		65279		0		128		
345		2		65520		1984		0		65504		
345		3		0		0		0		0		
346		0		0		1008		0		0		
346		1		848		65279		0		144		
346		2		272		2336		0		65520		
346		3		0		0		0		0		
347		0		0		1280		0		0		
347		1		768		65279		0		160		
347		2		65520		2032		0		65520		
347		3		0		0		0		0		
348		0		65408		1008		0		0		
348		1		496		65279		0		144		
348		2		256		2384		0		256		
348		3		0		0		0		0		
349		0		0		1296		0		0		
349		1		880		65279		0		144		
349		2		65520		2352		0		65520		
349		3		0		0		0		0		
350		0		16		1008		0		0		
350		1		800		65279		0		160		
350		2		272		2352		0		256		
350		3		0		0		0		0		
351		0		0		1312		0		0		
351		1		816		60574		0		128		
351		2		272		2320		0		65520		
351		3		0		0		0		0		
352		0		0		992		0		0		
352		1		432		32247		0		368		
352		2		320		1776		0		272		
352		3		0		0		0		0		
353		0		65472		720		0		112		
353		1		624		6337		0		352		
353		2		208		944		0		336		
353		3		0		0		0		0		
354		0		288		528		0		352		
354		1		560		1568		0		288		
354		2		224		672		0		320		
354		3		0		0		0		0		
355		0		304		512		0		0		
355		1		240		1280		0		256		
355		2		192		704		0		320		
355		3		0		0		0		0		
356		0		272		592		0		80		
356		1		176		1280		0		256		
356		2		144		752		0		320		
356		3		0		0		0		0		
357		0		256		528		0		0		
357		1		192		912		0		272		
357		2		176		720		0		320		
357		3		0		0		0		0		
358		0		272		240		0		0		
358		1		528		1040		0		272		
358		2		192		736		0		304		
358		3		0		0		0		0		
359		0		288		544		0		0		
359		1		224		1296		0		272		
359		2		192		736		0		320		
359		3		0		0		0		0		
360		0		272		528		0		0		
360		1		528		960		0		256		
360		2		240		720		0		336		
360		3		0		0		0		0		
361		0		304		224		0		96		
361		1		592		896		0		320		
361		2		240		672		0		320		
361		3		0		0		0		0		
362		0		304		544		0		64		
362		1		624		992		0		368		
362		2		208		656		0		336		
362		3		16		0		0		0		
363		0		272		224		0		0		
363		1		592		1280		0		160		
363		2		192		720		0		320		
363		3		0		0		0		0		
364		0		320		512		0		0		
364		1		624		1008		0		128		
364		2		192		672		0		336		
364		3		0		0		0		0		
365		0		272		224		0		0		
365		1		624		1008		0		144		
365		2		208		656		0		336		
365		3		0		0		0		0		
366		0		288		224		0		16		
366		1		400		944		0		176		
366		2		224		1024		0		352		
366		3		0		0		0		0		
367		0		288		240		0		0		
367		1		624		944		0		176		
367		2		192		880		0		352		
367		3		16		0		0		0		
368		0		304		240		0		112		
368		1		608		1312		0		160		
368		2		192		672		0		352		
368		3		0		0		0		0		
369		0		304		240		0		0		
369		1		384		992		0		160		
369		2		208		656		0		320		
369		3		0		0		0		0		
370		0		336		240		0		0		
370		1		400		976		0		176		
370		2		208		672		0		336		
370		3		0		0		0		0		
371		0		320		528		0		0		
371		1		400		1152		0		176		
371		2		176		736		0		336		
371		3		32		0		0		0		
372		0		304		528		0		0		
372		1		624		1280		0		160		
372		2		208		640		0		352		
372		3		0		0		0		0		
373		0		288		576		0		65408		
373		1		608		1312		0		176		
373		2		224		720		0		352		
373		3		0		0		0		0		
374		0		320		624		0		0		
374		1		384		1328		0		176		
374		2		240		720		0		336		
374		3		0		0		0		0		
375		0		304		528		0		0		
375		1		400		1360		0		176		
375		2		512		752		0		352		
375		3		0		0		0		0		
376		0		320		528		0		0		
376		1		384		1296		0		160		
376		2		528		720		0		336		
376		3		0		0		0		0		
377		0		304		560		0		0		
377		1		624		1376		0		160		
377		2		240		704		0		352		
377		3		0		0		0		0		
378		0		336		240		0		48		
378		1		400		928		0		192		
378		2		224		672		0		368		
378		3		16		0		0		0		
379		0		304		224		0		16		
379		1		608		1280		0		176		
379		2		160		688		0		352		
379		3		0		0		0		0		
380		0		320		512		0		16		
380		1		608		944		0		176		
380		2		224		640		0		352		
380		3		0		0		0		0		
381		0		320		528		0		0		
381		1		400		1280		0		160		
381		2		224		720		0		352		
381		3		0		0		0		0		
382		0		336		224		0		0		
382		1		416		1280		0		160		
382		2		224		672		0		336		
382		3		0		0		0		0		
383		0		320		528		0		0		
383		1		384		960		0		176		
383		2		512		640		0		352		
383		3		0		0		0		0		
384		0		320		528		0		0		
384		1		384		992		0		192		
384		2		224		688		0		352		
384		3		0		0		0		0		
385		0		320		560		0		0		
385		1		400		976		0		192		
385		2		512		656		0		368		
385		3		0		0		0		0		
386		0		320		208		0		0		
386		1		384		912		0		192		
386		2		224		656		0		368		
386		3		0		0		0		0		
387		0		288		528		0		560		
387		1		384		912		0		176		
387		2		208		672		0		128		
387		3		0		0		0		0		
388		0		320		512		0		0		
388		1		608		1136		0		160		
388		2		192		656		0		352		
388		3		0		0		0		0		
389		0		288		512		0		0		
389		1		544		912		0		144		
389		2		160		640		0		352		
389		3		0		0		0		0		
390		0		288		224		0		64		
390		1		576		1088		0		160		
390		2		192		656		0		368		
390		3		0		0		0		0		
391		0		288		528		0		48		
391		1		576		1104		0		144		
391		2		240		880		0		128		
391		3		0		0		0		0		
392		0		320		192		0		0		
392		1		592		1120		0		128		
392		2		208		848		0		352		
392		3		0		0		0		0		
393		0		320		192		0		65408		
393		1		608		1024		0		352		
393		2		240		640		0		352		
393		3		0		0		0		0		
394		0		368		240		0		112		
394		1		576		720		0		336		
394		2		240		816		0		336		
394		3		0		0		0		0		
395		0		368		512		0		32		
395		1		512		688		0		272		
395		2		240		640		0		320		
395		3		0		0		0		0		
396		0		336		240		0		320		
396		1		576		672		0		304		
396		2		528		864		0		352		
396		3		0		0		0		0		
397		0		352		144		0		352		
397		1		240		704		0		352		
397		2		176		848		0		368		
397		3		0		0		0		0		
398		0		288		192		0		0		
398		1		240		640		0		320		
398		2		240		880		0		368		
398		3		0		0		0		0		
399		0		352		512		0		0		
399		1		544		672		0		320		
399		2		240		864		0		368		
399		3		0		0		0		0		
400		0		304		240		0		80		
400		1		224		704		0		336		
400		2		208		672		0		368		
400		3		0		0		0		0		
401		0		336		224		0		0		
401		1		224		704		0		304		
401		2		192		688		0		368		
401		3		0		0		0		0		
402		0		336		512		0		0		
402		1		240		704		0		336		
402		2		192		656		0		368		
402		3		0		0		0		0		
403		0		368		192		0		65520		
403		1		224		720		0		320		
403		2		176		880		0		368		
403		3		0		0		0		0		
404		0		352		576		0		0		
404		1		544		736		0		320		
404		2		224		880		0		368		
404		3		0		0		0		0		
405		0		368		512		0		0		
405		1		560		704		0		320		
405		2		240		656		0		368		
405		3		0		0		0		0		
406		0		144		240		0		32		
406		1		560		704		0		304		
406		2		240		672		0		352		
406		3		0		0		0		0		
407		0		160		528		0		32		
407		1		576		656		0		304		
407		2		528		880		0		128		
407		3		0		0		0		0		
408		0		144		544		0		32		
408		1		576		672		0		320		
408		2		544		640		0		368		
408		3		0		0		0		0		
409		0		144		240		0		80		
409		1		576		720		0		320		
409		2		240		656		0		368		
409		3		0		0		0		0		
410		0		176		240		0		0		
410		1		592		656		0		320		
410		2		528		640		0		368		
410		3		0		0		0		0		
411		0		144		208		0		0		
411		1		608		688		0		304		
411		2		544		672		0		352		
411		3		0		0		0		0		
412		0		176		528		0		0		
412		1		576		720		0		336		
412		2		208		688		0		352		
412		3		0		0		0		0		
413		0		320		560		0		0		
413		1		528		736		0		336		
413		2		224		688		0		128		
413		3		0		0		0		0		
414		0		336		512		0		0		
414		1		528		688		0		336		
414		2		224		704		0		144		
414		3		0		0		0		0		
415		0		336		192		0		65456		
415		1		528		720		0		368		
415		2		224		672		0		128		
415		3		0		0		0		0		
416		0		128		512		0		0		
416		1		544		736		0		336		
416		2		512		736		0		144		
416		3		0		0		0		0		
417		0		128		544		0		304		
417		1		608		1024		0		368		
417		2		512		672		0		128		
417		3		0		0		0		0		
418		0		144		208		0		65504		
418		1		592		672		0		336		
418		2		512		672		0		144		
418		3		0		0		0		0		
419		0		128		512		0		256		
419		1		528		880		0		320		
419		2		192		656		0		128		
419		3		0		0		0		0		
420		0		368		208		0		0		
420		1		240		688		0		320		
420		2		192		672		0		128		
420		3		0		0		0		0		
421		0		128		528		0		64		
421		1		528		656		0		336		
421		2		208		688		0		128		
421		3		0		0		0		0		
422		0		336		512		0		0		
422		1		512		688		0		320		
422		2		208		656		0		144		
422		3		0		0		0		0		
423		0		368		224		0		0		
423		1		544		704		0		320		
423		2		240		640		0		144		
423		3		0		0		0		0		
424		0		368		224		0		336		
424		1		560		688		0		320		
424		2		512		656		0		144		
424		3		0		0		0		0		
425		0		128		576		0		0		
425		1		592		688		0		304		
425		2		512		640		0		336		
425		3		0		0		0		0		
426		0		368		176		0		256		
426		1		544		688		0		176		
426		2		208		832		0		544		
426		3		0		0		0		0		
427		0		288		128		0		208		
427		1		560		688		0		2560		
427		2		128		480		0		1024		
427		3		0		0		0		0		
428		0		272		272		0		496		
428		1		560		656		0		5105		
428		2		336		624		0		1152		
428		3		0		0		0		0		
429		0		65520		65520		0		688		
429		1		544		640		0		10818		
429		2		320		384		0		1248		
429		3		0		0		0		0		
430		0		256		65408		0		688		
430		1		560		688		0		16227		
430		2		304		608		0		1600		
430		3		0		0		0		0		
431		0		65504		0		0		1056		
431		1		528		672		0		20661		
431		2		65520		592		0		1424		
431		3		0		0		0		0		
432		0		65520		0		0		1024		
432		1		544		656		0		25942		
432		2		65520		576		0		1616		
432		3		0		0		0		0		
433		0		65504		32		0		1024		
433		1		560		688		0		28358		
433		2		304		576		0		1520		
433		3		0		0		0		0		
434		0		65504		0		0		1120		
434		1		544		704		0		31671		
434		2		288		576		0		1472		
434		3		0		0		0		96		
435		0		65440		192		0		1056		
435		1		512		720		0		35432		
435		2		256		592		0		1472		
435		3		0		0		0		0		
436		0		65488		96		0		896		
436		1		544		688		0		39545		
436		2		272		592		0		1520		
436		3		0		0		0		0		
437		0		65488		0		0		1136		
437		1		528		704		0		42218		
437		2		256		592		0		1424		
437		3		0		0		0		0		
438		0		65440		0		0		1120		
438		1		512		704		0		45419		
438		2		256		576		0		1808		
438		3		0		0		0		0		
439		0		65456		65408		0		944		
439		1		240		720		0		48219		
439		2		272		592		0		1504		
439		3		0		0		0		96		
440		0		65456		0		0		1088		
440		1		560		736		0		49644		
440		2		272		608		0		1792		
440		3		0		0		0		0		
441		0		65472		96		0		960		
441		1		560		1040		0		51372		
441		2		288		592		0		1840		
441		3		0		0		0		0		
442		0		65456		432		0		912		
442		1		576		752		0		52732		
442		2		272		624		0		1504		
442		3		0		0		0		16		
443		0		65488		0		0		896		
443		1		592		752		0		51308		
443		2		304		624		0		1840		
443		3		0		0		0		0		
444		0		65488		0		0		912		
444		1		576		1024		0		44634		
444		2		272		624		0		1808		
444		3		0		0		0		16		
445		0		65472		320		0		1040		
445		1		512		736		0		35480		
445		2		256		384		0		1488		
445		3		0		0		0		0		
446		0		65520		0		0		1088		
446		1		224		736		0		22277		
446		2		272		416		0		1440		
446		3		0		0		0		0		
447		0		65488		256		0		736		
447		1		192		752		0		12979		
447		2		256		416		0		1168		
447		3		0		0		0		0		
448		0		65504		288		0		832		
448		1		208		704		0		6625		
448		2		320		464		0		1280		
448		3		0		0		0		0		
449		0		65488		336		0		448		
449		1		128		704		0		3920		
449		2		256		768		0		1104		
449		3		0		0		0		0		
450		0		65488		336		0		512		
450		1		128		688		0		2608		
450		2		272		816		0		832		
450		3		0		0		0		0		
451		0		65520		144		0		224		
451		1		144		864		0		912		
451		2		352		848		0		608		
451		3		0		0		0		0		
452		0		65504		224		0		256		
452		1		352		656		0		608		
452		2		352		880		0		192		
452		3		0		0		0		0		
453		0		256		224		0		272		
453		1		352		864		0		624		
453		2		368		848		0		528		
453		3		0		0		0		0		
454		0		288		240		0		272		
454		1		176		832		0		560		
454		2		192		832		0		512		
454		3		0		0		0		0		
455		0		256		224		0		65520		
455		1		192		864		0		560		
455		2		144		832		0		240		
455		3		0		0		0		0		
456		0		288		192		0		256		
456		1		128		880		0		560		
456		2		352		848		0		512		
456		3		0		0		0		0		
457		0		256		208		0		65520		
457		1		160		640		0		576		
457		2		368		880		0		528		
457		3		0		0		0		0		
458		0		256		240		0		65520		
458		1		160		640		0		560		
458		2		128		640		0		208		
458		3		0		0		0		0		
459		0		288		240		0		65504		
459		1		176		640		0		512		
459		2		144		640		0		240		
459		3		0		0		0		0		
460		0		288		224		0		65504		
460		1		144		880		0		560		
460		2		352		656		0		512		
460		3		16		0		0		0		
461		0		65520		512		0		256		
461		1		128		864		0		544		
461		2		160		640		0		224		
461		3		0		0		0		0		
462		0		65504		144		0		65488		
462		1		160		640		0		512		
462		2		160		880		0		224		
462		3		0		0		0		0		
463		0		65504		160		0		65504		
463		1		368		848		0		544		
463		2		128		656		0		528		
463		3		0		0		0		0		
464		0		65520		224		0		65520		
464		1		144		848		0		528		
464		2		160		640		0		512		
464		3		0		0		0		0		
465		0		65504		144		0		65504		
465		1		176		640		0		544		
465		2		144		656		0		512		
465		3		0		0		0		0		
466		0		256		208		0		256		
466		1		128		848		0		544		
466		2		352		496		560		176		
466		3		0		0		0		0		
467		0		112		65520		416		0		
467		1		304		464		624		224		
467		2		320		816		192		192		
467		3		0		0		0		0		
468		0		16		288		608		0		
468		1		288		496		576		160		
468		2		304		832		528		160		
468		3		0		0		0		0		
469		0		0		352		384		48		
469		1		320		784		624		144		
469		2		352		688		0		208		
469		3		0		0		0		0		
470		0		65456		192		0		288		
470		1		352		688		0		208		
470		2		128		704		0		208		
470		3		0		0		0		0		
471		0		65472		288		768		0		
471		1		352		864		0		192		
471		2		368		704		0		240		
471		3		0		0		0		0		
472		0		65520		240		0		65472		
472		1		160		880		0		192		
472		2		160		656		0		192		
472		3		0		0		0		0		
473		0		65520		240		0		65504		
473		1		144		656		0		192		
473		2		144		704		0		208		
473		3		0		0		0		0		
474		0		65504		528		0		65504		
474		1		128		672		0		208		
474		2		128		688		0		192		
474		3		0		0		0		0		
475		0		65472		240		0		65488		
475		1		160		672		0		192		
475		2		128		672		0		176		
475		3		0		0		0		0		
476		0		65456		512		0		65504		
476		1		128		656		0		224		
476		2		128		704		0		208		
476		3		0		0		0		0		
477		0		65488		544		0		65504		
477		1		192		688		0		224		
477		2		128		656		0		208		
477		3		0		0		0		0		
478		0		256		544		0		65488		
478		1		336		688		0		224		
478		2		368		720		0		240		
478		3		0		0		0		0		
479		0		65520		560		0		65504		
479		1		144		688		0		224		
479		2		368		688		0		208		
479		3		0		0		0		0		
480		0		65472		240		0		65472		
480		1		352		720		0		240		
480		2		336		720		0		208		
480		3		0		0		0		0		
481		0		65440		512		0		65504		
481		1		352		688		0		224		
481		2		160		704		0		240		
481		3		0		0		0		0		
482		0		65520		224		0		65504		
482		1		176		688		0		240		
482		2		128		656		0		192		
482		3		0		0		0		0		
483		0		65504		512		0		65488		
483		1		160		688		0		208		
483		2		160		672		0		224		
483		3		0		0		0		0		
484		0		65488		528		0		65488		
484		1		368		672		0		208		
484		2		128		640		0		208		
484		3		0		0		0		0		
485		0		65520		208		0		65504		
485		1		192		640		0		208		
485		2		208		640		0		208		
485		3		0		0		0		0		
486		0		65520		544		0		0		
486		1		160		640		0		192		
486		2		144		720		0		208		
486		3		0		0		0		0		
487		0		65456		192		0		65456		
487		1		128		672		0		224		
487		2		160		688		0		208		
487		3		0		0		0		0		
488		0		65520		160		0		65488		
488		1		176		800		0		176		
488		2		192		672		0		224		
488		3		0		0		0		0		
489		0		256		160		0		65488		
489		1		352		496		208		144		
489		2		128		880		0		192		
489		3		0		0		0		0		
490		0		65440		352		528		0		
490		1		368		464		208		144		
490		2		352		768		384		176		
490		3		0		0		0		0		
491		0		65456		336		528		0		
491		1		320		496		416		128		
491		2		336		816		192		176		
491		3		0		0		0		0		
492		0		65488		288		560		0		
492		1		128		480		512		208		
492		2		336		784		208		224		
492		3		0		0		0		0		
493		0		65424		336		240		432		
493		1		352		480		512		208		
493		2		352		800		512		208		
493		3		0		0		0		0		
494		0		65472		352		592		0		
494		1		128		448		224		208		
494		2		368		784		384		192		
494		3		0		0		0		0		
495		0		65488		368		224		0		
495		1		352		432		512		192		
495		2		336		496		592		208		
495		3		0		0		0		0		
496		0		65472		288		192		352		
496		1		336		464		544		192		
496		2		352		768		544		208		
496		3		0		0		0		0		
497		0		65488		320		192		65456		
497		1		352		448		560		176		
497		2		368		768		544		208		
497		3		0		0		0		0		
498		0		65456		304		176		0		
498		1		144		464		544		192		
498		2		352		768		512		192		
498		3		0		0		0		0		
499		0		65488		368		192		0		
499		1		144		464		544		176		
499		2		368		768		224		208		
499		3		0		0		0		0		
500		0		65520		128		144		0		
500		1		128		464		224		192		
500		2		368		768		160		208		
500		3		0		0		0		0		
501		0		65520		336		528		544		
501		1		368		480		400		176		
501		2		352		496		192		192		
501		3		0		0		0		0		
502		0		65520		336		576		65472		
502		1		160		480		224		192		
502		2		128		768		176		144		
502		3		0		0		0		0		
503		0		65520		336		128		65408		
503		1		144		496		384		176		
503		2		368		784		160		192		
503		3		0		0		0		0		
504		0		256		128		224		0		
504		1		144		768		160		128		
504		2		128		832		192		192		
504		3		0		0		0		0		
505		0		65488		336		320		0		
505		1		352		768		128		192		
505		2		368		832		576		192		
505		3		0		0		0		0		
506		0		65472		304		112		0		
506		1		368		464		576		192		
506		2		368		800		416		208		
506		3		0		0		0		0		
507		0		65424		320		160		0		
507		1		336		464		816		144		
507		2		336		768		432		144		
507		3		0		0		0		0		
508		0		0		288		816		144		
508		1		304		416		1648		352		
508		2		320		480		1296		320		
508		3		0		0		0		0		
509		0		0		65440		1056		0		
509		1		256		384		1728		288		
509		2		288		432		1136		320		
509		3		0		0		0		0		
510		0		320		0		1024		0		
510		1		272		560		2224		65504		
510		2		272		384		960		320		
510		3		0		0		0		0		
511		0		288		0		1104		0		
511		1		256		576		2384		272		
511		2		272		624		1280		320		
511		3		0		0		0		0		
512		0		176		0		1136		0		
512		1		272		608		2656		65520		
512		2		288		576		1392		256		
512		3		0		0		0		0		
513		0		0		65408		944		0		
513		1		288		576		2480		272		
513		2		288		608		1280		304		
513		3		0		0		0		0		
514		0		64		0		944		0		
514		1		288		560		2672		65504		
514		2		256		592		944		336		
514		3		0		0		0		0		
515		0		0		0		2000		0		
515		1		288		608		2784		272		
515		2		272		608		1280		288		
515		3		0		0		0		0		
516		0		112		0		2624		0		
516		1		304		560		3856		288		
516		2		288		608		1536		288		
516		3		0		0		0		0		
517		0		65456		288		2704		0		
517		1		304		576		4721		272		
517		2		272		576		1264		272		
517		3		16		0		64		0		
518		0		65424		0		3376		0		
518		1		288		576		4561		256		
518		2		288		592		1632		272		
518		3		0		0		0		0		
519		0		65424		0		2032		0		
519		1		320		608		6225		272		
519		2		256		592		1648		272		
519		3		0		0		0		0		
520		0		65424		0		2240		0		
520		1		304		592		6657		65488		
520		2		65520		576		1216		272		
520		3		0		0		0		0		
521		0		16		0		2192		64		
521		1		320		624		6065		256		
521		2		256		592		1456		256		
521		3		0		0		0		0		
522		0		65440		0		2384		0		
522		1		336		400		7985		272		
522		2		256		576		1216		288		
522		3		0		0		64		0		
523		0		65424		0		2960		0		
523		1		320		384		7297		304		
523		2		272		608		1520		272		
523		3		0		0		0		0		
524		0		0		0		2480		0		
524		1		352		416		8882		352		
524		2		272		608		1232		288		
524		3		0		0		65456		0		
525		0		0		48		1968		0		
525		1		336		464		10050		304		
525		2		272		384		1216		256		
525		3		0		0		0		0		
526		0		384		0		2384		0		
526		1		336		448		10498		272		
526		2		272		624		1632		272		
526		3		0		0		0		0		
527		0		336		0		3088		0		
527		1		336		432		8434		320		
527		2		272		624		1248		288		
527		3		0		0		112		0		
528		0		576		0		2736		0		
528		1		320		416		8194		336		
528		2		65520		624		1536		272		
528		3		0		0		0		0		
529		0		0		0		3152		0		
529		1		304		432		8722		288		
529		2		65520		608		1232		288		
529		3		0		0		0		0		
530		0		65488		0		3552		0		
530		1		336		432		9522		320		
530		2		65520		608		1520		256		
530		3		0		0		0		0		
531		0		65408		16		3472		0		
531		1		336		432		11074		304		
531		2		272		608		1568		272		
531		3		0		0		0		0		
532		0		16		65440		4097		0		
532		1		272		416		12819		288		
532		2		65504		592		1792		272		
532		3		0		0		0		0		
533		0		16		0		3488		0		
533		1		304		480		13523		352		
533		2		65504		576		1792		256		
533		3		0		0		0		0		
534		0		65408		0		3872		0		
534		1		352		416		13347		368		
534		2		65488		592		1600		288		
534		3		0		0		64		0		
535		0		0		0		3168		0		
535		1		336		416		13683		368		
535		2		65520		560		1536		272		
535		3		0		0		0		0		
536		0		384		32		3200		0		
536		1		320		416		12515		352		
536		2		65520		576		1616		272		
536		3		0		0		0		0		
537		0		0		0		3680		0		
537		1		320		448		12899		352		
537		2		65520		592		1792		272		
537		3		0		0		0		0		
538		0		0		0		3728		0		
538		1		336		432		13059		336		
538		2		65520		560		1648		288		
538		3		0		0		0		0		
539		0		65456		0		3808		0		
539		1		336		480		12179		368		
539		2		272		560		1232		288		
539		3		0		0		96		0		
540		0		65456		0		1952		0		
540		1		352		480		13731		352		
540		2		272		576		1536		288		
540		3		0		0		0		0		
541		0		65424		0		1504		0		
541		1		352		496		13907		368		
541		2		65520		544		1808		288		
541		3		0		0		0		0		
542		0		65424		0		2112		16		
542		1		352		768		11602		272		
542		2		272		608		1248		256		
542		3		0		0		0		0		
543		0		65440		0		2320		0		
543		1		352		480		10146		320		
543		2		272		592		1824		65520		
543		3		0		0		0		0		
544		0		65424		0		1872		0		
544		1		352		768		11698		336		
544		2		256		608		1248		272		
544		3		0		0		0		0		
545		0		304		0		1200		0		
545		1		352		464		13363		320		
545		2		256		592		1808		65520		
545		3		0		0		0		0		
546		0		256		0		1600		0		
546		1		352		480		13875		320		
546		2		272		592		1840		65504		
546		3		0		0		0		0		
547		0		65440		32		1344		0		
547		1		128		448		14531		320		
547		2		272		592		1488		65520		
547		3		0		0		0		0		
548		0		240		0		1568		32		
548		1		128		432		16468		304		
548		2		272		608		1856		256		
548		3		0		0		0		0		
549		0		65440		0		1344		0		
549		1		128		448		16676		368		
549		2		256		608		1520		65520		
549		3		0		0		0		0		
550		0		528		65504		1328		0		
550		1		368		768		16996		336		
550		2		65504		592		1872		256		
550		3		0		0		0		0		
551		0		64		0		1312		0		
551		1		368		480		16179		320		
551		2		65520		384		1264		272		
551		3		0		0		0		0		
552		0		0		0		976		0		
552		1		368		480		8418		304		
552		2		272		416		1264		288		
552		3		0		0		0		0		
553		0		65456		0		672		0		
553		1		144		464		1520		304		
553		2		352		496		752		368		
553		3		0		0		0		0		
554		0		65520		65440		528		0		
554		1		176		464		832		352		
554		2		160		480		416		128		
554		3		0		0		0		0		
555		0		256		256		384		0		
555		1		368		416		224		320		
555		2		128		480		608		320		
555		3		0		0		0		0		
556		0		272		304		528		0		
556		1		144		384		224		304		
556		2		144		480		624		304		
556		3		0		0		0		0		
557		0		304		272		544		0		
557		1		192		464		224		336		
557		2		368		496		144		352		
557		3		0		0		0		0		
558		0		272		304		544		96		
558		1		144		464		464		288		
558		2		352		784		192		336		
558		3		0		0		0		0		
559		0		272		320		336		0		
559		1		144		480		528		320		
559		2		336		480		544		368		
559		3		0		0		0		0		
560		0		256		304		240		0		
560		1		176		464		576		336		
560		2		144		768		208		128		
560		3		0		0		0		0		
561		0		288		304		560		0		
561		1		176		448		576		304		
561		2		144		480		432		368		
561		3		0		0		0		0		
562		0		304		320		160		0		
562		1		176		464		576		304		
562		2		144		496		480		352		
562		3		0		0		0		0		
563		0		288		368		160		0		
563		1		144		464		576		336		
563		2		128		800		224		368		
563		3		0		0		0		0		
564		0		288		368		544		0		
564		1		128		448		528		320		
564		2		128		800		224		368		
564		3		0		0		0		0		
565		0		304		352		128		0		
565		1		160		480		208		336		
565		2		144		816		224		368		
565		3		0		0		0		0		
566		0		272		336		128		0		
566		1		160		480		192		336		
566		2		352		816		176		128		
566		3		0		0		0		0		
567		0		272		304		384		0		
567		1		352		448		384		320		
567		2		352		800		208		128		
567		3		0		0		0		0		
568		0		65504		320		192		65472		
568		1		144		800		576		352		
568		2		128		816		512		128		
568		3		0		0		0		0		
569		0		256		352		512		0		
569		1		176		864		1184		144		
569		2		336		768		480		368		
569		3		0		0		112		0		
570		0		65456		288		432		0		
570		1		208		672		3744		176		
570		2		288		448		1120		320		
570		3		0		0		0		0		
571		0		65472		16		928		65408		
571		1		224		704		7585		176		
571		2		272		384		1184		304		
571		3		0		0		0		0		
572		0		65440		592		928		0		
572		1		192		752		12002		192		
572		2		65520		624		1536		304		
572		3		0		0		0		0		
573		0		0		0		1328		0		
573		1		160		1024		15763		176		
573		2		65488		608		1472		272		
573		3		0		0		0		0		
574		0		576		320		1328		0		
574		1		224		752		21797		176		
574		2		65520		576		1808		256		
574		3		0		0		96		0		
575		0		32		0		1152		0		
575		1		224		1056		29975		176		
575		2		65520		576		1824		65504		
575		3		0		0		0		0		
576		0		65472		0		1280		0		
576		1		240		1024		34632		224		
576		2		65504		560		1856		256		
576		3		0		0		0		0		
577		0		80		32		1280		0		
577		1		512		1056		39001		240		
577		2		65520		560		1792		272		
577		3		0		0		0		0		
578		0		0		0		1344		0		
578		1		240		1024		40473		512		
578		2		65504		544		1888		272		
578		3		0		0		0		0		
579		0		96		0		1008		0		
579		1		240		1024		43850		512		
579		2		65520		544		1808		272		
579		3		0		0		0		0		
580		0		0		0		1296		16		
580		1		512		1104		48763		224		
580		2		65520		560		1824		256		
580		3		0		0		0		0		
581		0		65408		0		1536		0		
581		1		544		1024		48107		512		
581		2		65520		560		1840		256		
581		3		0		0		0		0		
582		0		0		0		1312		0		
582		1		240		1088		50972		240		
582		2		65488		576		1728		65520		
582		3		0		0		0		0		
583		0		65440		0		992		0		
583		1		576		1056		53261		208		
583		2		256		576		2064		256		
583		3		0		0		0		0		
584		0		65424		0		1376		0		
584		1		560		1056		54877		512		
584		2		256		576		1488		272		
584		3		0		0		0		0		
585		0		65440		65424		1168		0		
585		1		592		1056		57678		528		
585		2		256		560		1792		288		
585		3		0		0		0		0		
586		0		65424		0		1280		0		
586		1		576		1104		60126		208		
586		2		65504		608		1488		65520		
586		3		0		0		0		0		
587		0		65440		0		976		0		
587		1		576		1104		61182		240		
587		2		65520		576		1760		256		
587		3		0		0		64		0		
588		0		65440		65424		1344		0		
588		1		560		1088		63695		208		
588		2		65520		592		1520		256		
588		3		0		0		0		0		
589		0		65408		0		1280		0		
589		1		576		1088		64575		240		
589		2		65520		560		1760		256		
589		3		0		0		0		0		
590		0		65424		0		960		0		
590		1		544		1120		65279		512		
590		2		65520		560		2048		256		
590		3		0		0		0		0		
591		0		65424		0		1552		32		
591		1		576		1136		65279		528		
591		2		256		608		1520		272		
591		3		0		0		0		0		
592		0		65456		48		1008		0		
592		1		592		1120		65279		528		
592		2		288		576		1776		272		
592		3		0		0		0		0		
593		0		65424		0		976		0		
593		1		560		1136		65279		528		
593		2		65520		608		1824		256		
593		3		0		0		0		0		
594		0		65424		0		1264		0		
594		1		560		1120		65279		512		
594		2		65520		576		2080		65504		
594		3		0		0		0		0		
595		0		65424		0		1200		0		
595		1		544		1120		64799		544		
595		2		65504		576		1808		256		
595		3		0		0		0		0		
596		0		65424		0		1552		0		
596		1		576		1104		60894		224		
596		2		65520		576		1840		256		
596		3		0		0		0		0		
597		0		65424		48		1232		0		
597		1		560		1120		56989		512		
597		2		65520		560		1776		256		
597		3		0		0		0		0		
598		0		65424		0		1328		0		
598		1		512		1040		47035		192		
598		2		256		608		1488		272		
598		3		0		0		0		0		
599		0		65456		0		1168		0		
599		1		208		736		20661		144		
599		2		256		624		1792		256		
599		3		0		0		32		0		
600		0		65520		65456		816		0		
600		1		368		816		4433		320		
600		2		336		800		864		320		
600		3		0		0		0		0		
601		0		65488		288		880		0		
601		1		128		848		1488		272		
601		2		128		816		432		336		
601		3		0		0		0		0		
602		0		272		144		560		0		
602		1		144		848		896		336		
602		2		368		848		592		368		
602		3		0		0		0		0		
603		0		65504		352		448		32		
603		1		160		832		1040		304		
603		2		144		848		608		128		
603		3		0		0		0		0		
604		0		272		128		512		65408		
604		1		160		800		688		336		
604		2		368		832		592		128		
604		3		0		0		0		0		
605		0		65504		128		448		0		
605		1		144		784		864		320		
605		2		128		848		768		352		
605		3		0		0		0		0		
606		0		256		176		432		0		
606		1		176		832		480		336		
606		2		128		848		544		368		
606		3		0		0		0		0		
607		0		65520		368		416		0		
607		1		144		816		1104		320		
607		2		128		848		496		320		
607		3		0		0		0		0		
608		0		288		128		384		0		
608		1		176		816		768		336		
608		2		160		832		528		128		
608		3		0		0		0		0		
609		0		288		128		544		112		
609		1		192		816		496		320		
609		2		144		848		528		368		
609		3		0		0		0		0		
610		0		288		368		400		0		
610		1		160		848		784		65488		
610		2		368		880		496		65488		
610		3		0		0		0		0		
611		0		65504		368		560		32		
611		1		144		800		640		256		
611		2		352		816		608		368		
611		3		0		0		0		0		
612		0		65520		128		528		0		
612		1		192		832		816		528		
612		2		352		832		480		176		
612		3		0		0		0		0		
613		0		288		368		240		65456		
613		1		192		864		704		640		
613		2		128		816		528		432		
613		3		0		0		0		0		
614		0		304		336		160		128		
614		1		512		880		704		1920		
614		2		352		496		160		656		
614		3		0		0		0		0		
615		0		288		304		160		192		
615		1		528		640		864		3312		
615		2		336		464		176		1040		
615		3		0		0		0		0		
616		0		256		272		128		624		
616		1		240		656		672		4641		
616		2		304		448		368		992		
616		3		0		0		0		0		
617		0		256		256		128		592		
617		1		512		880		880		6225		
617		2		320		416		352		1280		
617		3		0		0		0		0		
618		0		256		65520		144		384		
618		1		240		864		832		7041		
618		2		304		432		288		1264		
618		3		0		0		0		0		
619		0		272		65520		512		464		
619		1		224		880		848		8898		
619		2		288		432		288		1264		
619		3		0		0		0		16		
620		0		65504		65504		320		464		
620		1		224		880		464		11186		
620		2		288		432		240		1584		
620		3		0		0		0		0		
621		0		65520		65408		224		832		
621		1		208		864		848		12723		
621		2		256		384		288		1648		
621		3		0		0		0		0		
622		0		65504		48		240		768		
622		1		208		864		848		14227		
622		2		256		400		272		1584		
622		3		0		0		0		32		
623		0		65504		0		240		800		
623		1		240		864		800		16948		
623		2		288		384		256		1456		
623		3		0		0		0		0		
624		0		65504		0		320		640		
624		1		240		848		768		18740		
624		2		256		624		0		1456		
624		3		0		0		0		64		
625		0		65488		0		320		800		
625		1		208		880		640		20789		
625		2		256		624		0		1504		
625		3		0		0		0		0		
626		0		65488		0		224		656		
626		1		240		864		848		21445		
626		2		65520		624		0		1792		
626		3		0		0		0		0		
627		0		65504		0		224		816		
627		1		208		864		1104		23909		
627		2		256		608		65488		1456		
627		3		0		0		0		0		
628		0		65488		0		240		880		
628		1		176		640		1024		26470		
628		2		65520		608		256		1856		
628		3		0		0		0		0		
629		0		65472		16		528		672		
629		1		176		880		832		28342		
629		2		256		608		48		1504		
629		3		0		0		0		0		
630		0		65472		0		352		880		
630		1		144		640		1088		31415		
630		2		65504		592		0		1840		
630		3		0		0		0		0		
631		0		65520		65408		528		704		
631		1		176		880		880		32760		
631		2		272		608		192		1856		
631		3		0		0		0		0		
632		0		65488		0		512		640		
632		1		192		640		736		34264		
632		2		65504		384		65504		1520		
632		3		0		0		0		0		
633		0		65488		0		240		640		
633		1		224		880		1104		35384		
633		2		256		608		32		1888		
633		3		0		0		0		0		
634		0		65472		65408		560		704		
634		1		224		864		640		36504		
634		2		65520		592		0		1856		
634		3		0		0		0		112		
635		0		65472		0		560		880		
635		1		192		880		656		36472		
635		2		65520		608		0		1888		
635		3		0		0		0		0		
636		0		65472		80		144		736		
636		1		208		640		672		37913		
636		2		65504		608		224		1872		
636		3		0		0		0		0		
637		0		65488		0		352		688		
637		1		208		880		896		38073		
637		2		65520		576		672		1504		
637		3		0		0		0		0		
638		0		65472		192		528		656		
638		1		224		864		656		39177		
638		2		256		592		560		1856		
638		3		0		0		0		0		
639		0		65488		0		368		704		
639		1		224		864		640		39721		
639		2		256		576		0		1856		
639		3		0		0		0		16		
640		0		65472		16		336		880		
640		1		208		848		640		40329		
640		2		256		608		192		1808		
640		3		0		0		0		0		
641		0		65504		65424		224		704		
641		1		240		864		864		41274		
641		2		272		624		65424		1840		
641		3		0		0		0		0		
642		0		65520		0		352		656		
642		1		528		864		848		41322		
642		2		272		576		400		1808		
642		3		0		0		0		0		
643		0		65472		0		528		656		
643		1		512		880		832		41738		
643		2		288		576		0		1680		
643		3		0		0		0		0		
644		0		65520		0		512		688		
644		1		512		864		864		41866		
644		2		272		608		144		1888		
644		3		0		0		0		32		
645		0		65520		0		512		880		
645		1		512		864		832		42602		
645		2		256		576		0		1664		
645		3		0		0		0		0		
646		0		65504		112		192		704		
646		1		528		864		800		43130		
646		2		272		576		65488		1904		
646		3		0		0		0		0		
647		0		65504		0		208		656		
647		1		544		864		864		44266		
647		2		272		576		0		1856		
647		3		0		0		0		0		
648		0		65520		0		176		656		
648		1		528		848		880		45035		
648		2		272		592		784		1888		
648		3		0		0		0		0		
649		0		256		0		336		736		
649		1		544		880		640		45579		
649		2		288		576		0		1872		
649		3		0		0		0		0		
650		0		65520		0		320		640		
650		1		560		848		816		46363		
650		2		288		592		0		1664		
650		3		0		0		0		0		
651		0		65520		0		304		752		
651		1		544		864		784		45963		
651		2		288		592		80		1680		
651		3		0		0		0		0		
652		0		256		0		176		688		
652		1		544		864		768		46331		
652		2		272		576		0		1840		
652		3		0		0		0		80		
653		0		65504		65440		224		688		
653		1		560		864		800		47179		
653		2		272		560		0		1888		
653		3		0		0		0		0		
654		0		65520		0		320		720		
654		1		544		848		864		46331		
654		2		272		560		224		1904		
654		3		0		0		0		0		
655		0		65520		0		176		656		
655		1		560		864		1024		46443		
655		2		288		560		0		1696		
655		3		0		0		0		0		
656		0		256		0		208		752		
656		1		512		864		1072		45451		
656		2		256		560		256		1696		
656		3		0		0		0		0		
657		0		65520		65488		224		688		
657		1		560		848		864		46075		
657		2		288		544		224		1872		
657		3		0		0		0		0		
658		0		256		65472		240		720		
658		1		560		848		800		45867		
658		2		288		576		0		1712		
658		3		0		0		0		0		
659		0		65520		0		192		736		
659		1		592		864		1024		45451		
659		2		272		560		0		1888		
659		3		0		0		0		0		
660		0		65520		65488		224		656		
660		1		560		880		768		44939		
660		2		272		576		0		1680		
660		3		0		0		0		0		
661		0		65520		0		512		1024		
661		1		560		640		496		44522		
661		2		304		592		720		1712		
661		3		0		0		0		0		
662		0		256		0		336		736		
662		1		560		880		416		44890		
662		2		304		608		0		1888		
662		3		0		0		0		96		
663		0		65488		64		240		720		
663		1		512		640		688		44586		
663		2		272		608		0		1728		
663		3		0		0		0		0		
664		0		256		288		512		1024		
664		1		560		640		768		44666		
664		2		288		608		0		1664		
664		3		0		0		0		0		
665		0		256		0		544		672		
665		1		544		640		1072		44426		
665		2		272		608		0		1680		
665		3		0		0		0		0		
666		0		65504		48		560		704		
666		1		512		656		800		44314		
666		2		304		592		0		1904		
666		3		0		0		0		0		
667		0		256		65456		560		672		
667		1		544		640		832		42746		
667		2		272		576		0		1856		
667		3		0		0		0		0		
668		0		65504		0		528		704		
668		1		528		640		480		41274		
668		2		288		624		128		1680		
668		3		0		0		0		0		
669		0		65504		544		208		736		
669		1		544		640		672		39161		
669		2		288		608		0		1840		
669		3		0		0		0		0		
670		0		65520		0		528		656		
670		1		512		864		816		38521		
670		2		288		624		0		1856		
670		3		0		0		0		0		
671		0		65520		0		208		720		
671		1		528		864		656		39289		
671		2		304		608		65472		1888		
671		3		0		0		0		0		
672		0		65520		0		512		656		
672		1		240		864		640		40521		
672		2		288		608		0		1824		
672		3		0		0		0		0		
673		0		65520		80		320		752		
673		1		512		880		800		41642		
673		2		288		576		0		1888		
673		3		0		0		0		0		
674		0		65520		0		512		720		
674		1		240		864		480		42522		
674		2		288		592		65504		1824		
674		3		0		0		0		64		
675		0		65504		0		128		640		
675		1		240		880		720		43066		
675		2		304		608		32		1872		
675		3		0		0		0		0		
676		0		65504		608		224		736		
676		1		512		864		640		43242		
676		2		272		592		0		1888		
676		3		0		0		0		0		
677		0		65504		272		240		688		
677		1		240		864		480		43882		
677		2		304		608		96		1808		
677		3		0		0		0		0		
678		0		65520		80		240		688		
678		1		240		848		480		43034		
678		2		304		608		544		1888		
678		3		0		0		0		0		
679		0		65504		0		512		720		
679		1		224		832		768		40970		
679		2		304		592		96		1520		
679		3		0		0		0		48		
680		0		65440		64		176		880		
680		1		240		832		784		38841		
680		2		288		608		65472		1824		
680		3		0		0		0		0		
681		0		65472		32		224		704		
681		1		192		864		672		38697		
681		2		272		608		256		1840		
681		3		0		0		0		0		
682		0		65504		208		512		656		
682		1		512		832		768		38873		
682		2		288		608		0		1520		
682		3		0		0		0		0		
683		0		65520		704		240		704		
683		1		528		832		704		39929		
683		2		256		592		0		1888		
683		3		0		0		0		0		
684		0		65504		65424		144		736		
684		1		240		848		800		40249		
684		2		288		624		0		1824		
684		3		0		0		0		64		
685		0		65520		65440		512		880		
685		1		240		848		816		40505		
685		2		272		624		0		1824		
685		3		0		0		0		0		
686		0		65520		272		512		704		
686		1		224		864		496		39273		
686		2		256		624		0		1824		
686		3		0		0		0		0		
687		0		65504		272		128		672		
687		1		224		848		1040		38617		
687		2		256		592		65424		1520		
687		3		0		0		0		32		
688		0		65488		16		128		704		
688		1		512		832		800		38329		
688		2		272		608		0		1824		
688		3		0		0		0		0		
689		0		256		0		128		720		
689		1		512		832		832		38185		
689		2		288		608		16		1504		
689		3		0		0		0		0		
690		0		65520		16		352		672		
690		1		512		848		480		37961		
690		2		304		576		32		1824		
690		3		0		0		0		0		
691		0		65520		112		560		688		
691		1		512		848		1056		38105		
691		2		272		608		192		1824		
691		3		0		0		0		0		
692		0		65504		0		528		656		
692		1		240		864		1120		38969		
692		2		288		608		320		1520		
692		3		0		0		0		0		
693		0		65504		0		528		704		
693		1		240		848		1120		38601		
693		2		272		624		320		1824		
693		3		0		0		0		0		
694		0		65520		416		528		720		
694		1		512		864		832		39209		
694		2		272		624		0		1488		
694		3		0		0		0		0		
695		0		65504		0		224		880		
695		1		208		640		800		39193		
695		2		256		592		0		1808		
695		3		0		0		0		0		
696		0		65504		0		368		736		
696		1		240		864		800		39161		
696		2		272		608		560		1840		
696		3		0		0		0		0		
697		0		65520		96		208		656		
697		1		240		880		496		39545		
697		2		288		624		112		1792		
697		3		0		0		0		0		
698		0		65520		176		208		720		
698		1		512		880		768		39721		
698		2		304		576		0		1872		
698		3		0		0		0		0		
699		0		65504		0		224		736		
699		1		512		864		784		39497		
699		2		288		608		528		1808		
699		3		0		0		0		0		
700		0		65520		0		224		672		
700		1		512		864		736		39961		
700		2		288		608		0		1888		
700		3		0		0		0		0		
701		0		256		208		240		1024		
701		1		528		640		800		40425		
701		2		304		608		0		1888		
701		3		0		0		0		0		
702		0		65520		0		528		688		
702		1		512		864		832		40922		
702		2		288		624		512		1808		
702		3		0		0		0		0		
703		0		65504		0		368		752		
703		1		528		864		816		40986		
703		2		304		608		0		1904		
703		3		0		0		0		0		
704		0		272		528		240		736		
704		1		544		864		816		41354		
704		2		288		608		224		1840		
704		3		0		0		0		0		
705		0		65504		0		336		688		
705		1		544		640		816		41210		
705		2		304		624		0		1888		
705		3		0		0		0		0		
706		0		65520		0		208		736		
706		1		512		864		784		41354		
706		2		304		624		0		1664		
706		3		0		0		0		0		
707		0		65504		0		208		688		
707		1		512		880		768		41098		
707		2		304		384		64		1808		
707		3		0		0		0		0		
708		0		65504		0		176		720		
708		1		528		672		672		38585		
708		2		304		400		0		1904		
708		3		0		0		0		0		
709		0		65520		0		240		704		
709		1		528		640		784		37305		
709		2		304		384		0		1808		
709		3		0		0		0		96		
710		0		65488		0		208		672		
710		1		512		848		800		37001		
710		2		288		384		64		1856		
710		3		0		0		0		0		
711		0		65504		0		240		736		
711		1		512		864		768		36889		
711		2		304		384		544		1856		
711		3		0		0		0		0		
712		0		65472		0		128		640		
712		1		240		864		768		36104		
712		2		288		400		352		1504		
712		3		0		0		0		0		
713		0		65504		400		224		688		
713		1		240		880		480		35048		
713		2		288		384		0		1872		
713		3		0		0		0		0		
714		0		65504		416		224		720		
714		1		224		864		768		35192		
714		2		288		384		288		1504		
714		3		0		0		0		65424		
715		0		65520		0		208		656		
715		1		224		880		432		33416		
715		2		288		384		608		1856		
715		3		0		0		0		0		
716		0		65520		0		128		736		
716		1		512		880		864		30647		
716		2		304		608		192		1840		
716		3		0		0		0		0		
717		0		65520		0		192		880		
717		1		240		848		704		26022		
717		2		288		384		0		1472		
717		3		0		0		0		0		
718		0		256		480		208		656		
718		1		224		864		464		23541		
718		2		256		400		0		1488		
718		3		0		0		0		0		
719		0		272		320		512		640		
719		1		224		848		768		19700		
719		2		272		384		65488		1616		
719		3		16		0		0		0		
720		0		256		65504		224		800		
720		1		208		848		448		14115		
720		2		304		432		176		1232		
720		3		0		0		0		0		
721		0		256		65520		544		496		
721		1		208		864		656		6177		
721		2		336		464		544		912		
721		3		0		0		0		0		
722		0		288		304		560		240		
722		1		176		832		432		3392		
722		2		336		496		544		816		
722		3		0		0		0		0		
723		0		256		336		192		192		
723		1		176		800		656		1696		
723		2		304		784		208		784		
723		3		0		0		0		0		
724		0		256		352		192		144		
724		1		160		832		848		1440		
724		2		336		768		176		416		
724		3		0		0		0		0		
725		0		272		320		576		65520		
725		1		160		832		848		1008		
725		2		304		784		176		416		
725		3		0		0		0		0		
726		0		272		352		144		128		
726		1		144		800		576		992		
726		2		304		800		160		768		
726		3		0		0		0		0		
727		0		272		368		608		256		
727		1		128		800		416		1056		
727		2		320		784		192		592		
727		3		0		0		0		16		
728		0		65472		128		624		65520		
728		1		144		800		592		496		
728		2		352		800		528		384		
728		3		16		0		0		0		
729		0		304		224		576		65520		
729		1		128		800		432		784		
729		2		336		832		368		576		
729		3		0		0		0		0		
730		0		288		128		176		65504		
730		1		192		832		560		832		
730		2		144		848		176		560		
730		3		0		0		0		0		
731		0		288		128		368		65520		
731		1		176		800		528		496		
731		2		160		848		144		592		
731		3		0		0		0		0		
732		0		320		144		368		272		
732		1		192		816		416		768		
732		2		176		848		368		608		
732		3		0		0		0		0		
733		0		336		304		368		65520		
733		1		192		800		448		480		
733		2		144		864		144		576		
733		3		0		0		0		0		
734		0		304		144		368		256		
734		1		208		816		224		784		
734		2		176		848		560		560		
734		3		0		0		0		0		
735		0		336		128		128		65488		
735		1		224		816		512		624		
735		2		160		848		192		528		
735		3		0		0		0		0		
736		0		336		128		160		256		
736		1		208		832		544		448		
736		2		160		848		208		560		
736		3		0		0		0		0		
737		0		320		144		160		256		
737		1		192		816		576		448		
737		2		160		816		208		560		
737		3		0		0		0		0		
738		0		336		144		592		65520		
738		1		192		816		560		496		
738		2		160		832		240		576		
738		3		0		0		0		0		
739		0		336		128		160		65504		
739		1		208		800		560		464		
739		2		160		816		224		560		
739		3		0		0		0		0		
740		0		320		368		192		65504		
740		1		208		784		384		448		
740		2		160		800		512		592		
740		3		0		0		0		0		
741		0		336		144		384		65488		
741		1		192		848		592		448		
741		2		160		816		512		544		
741		3		0		0		0		0		
742		0		336		352		224		65504		
742		1		208		816		384		432		
742		2		160		816		224		576		
742		3		0		0		0		0		
743		0		304		128		160		65504		
743		1		224		832		608		432		
743		2		160		816		224		560		
743		3		0		0		0		0		
744		0		336		368		208		65488		
744		1		224		816		608		608		
744		2		128		832		544		512		
744		3		0		0		0		0		
745		0		336		368		144		65488		
745		1		224		800		592		592		
745		2		144		800		560		528		
745		3		0		0		0		0		
746		0		320		368		592		65472		
746		1		208		800		576		624		
746		2		176		832		512		544		
746		3		0		0		0		0		
747		0		336		128		192		65504		
747		1		224		816		592		624		
747		2		176		832		512		560		
747		3		0		0		0		0		
748		0		320		128		208		65488		
748		1		224		816		768		592		
748		2		176		848		224		560		
748		3		0		0		0		0		
749		0		352		144		192		65520		
749		1		192		816		608		624		
749		2		144		832		512		544		
749		3		0		0		0		0		
750		0		288		160		208		65488		
750		1		128		784		592		624		
750		2		336		768		560		528		
750		3		0		0		0		0		
751		0		288		144		224		65504		
751		1		160		800		384		560		
751		2		160		784		480		528		
751		3		0		0		0		0		
752		0		272		368		208		65504		
752		1		512		784		608		624		
752		2		608		768		544		528		
752		3		0		0		0		0		
753		0		176		368		512		65472		
753		1		384		464		496		576		
753		2		1152		496		512		528		
753		3		0		0		0		0		
754		0		224		256		560		0		
754		1		800		448		544		528		
754		2		976		448		384		240		
754		3		0		0		0		0		
755		0		160		128		128		0		
755		1		864		448		560		544		
755		2		1232		432		192		544		
755		3		0		0		0		0		
756		0		528		144		560		0		
756		1		656		432		464		240		
756		2		1760		448		208		512		
756		3		0		0		0		0		
757		0		224		256		128		0		
757		1		1136		400		448		224		
757		2		2320		448		224		512		
757		3		0		0		0		0		
758		0		544		128		128		272		
758		1		1104		384		544		512		
758		2		3392		432		624		224		
758		3		0		0		0		0		
759		0		592		288		368		64		
759		1		960		624		512		512		
759		2		4753		448		208		528		
759		3		0		0		0		0		
760		0		560		272		160		0		
760		1		1376		384		400		224		
760		2		6689		464		176		512		
760		3		0		0		0		0		
761		0		480		272		320		0		
761		1		1184		576		624		192		
761		2		8578		432		176		512		
761		3		0		0		0		0		
762		0		400		65504		352		0		
762		1		1616		544		384		208		
762		2		10754		448		512		512		
762		3		48		0		0		0		
763		0		432		65520		208		0		
763		1		1552		576		144		528		
763		2		13491		448		240		544		
763		3		0		0		0		0		
764		0		448		65520		208		80		
764		1		1632		544		192		544		
764		2		15043		448		512		544		
764		3		0		0		0		0		
765		0		416		65504		368		224		
765		1		1616		528		160		240		
765		2		18036		480		224		544		
765		3		0		0		0		0		
766		0		784		65504		144		65440		
766		1		1568		576		544		224		
766		2		16596		464		624		512		
766		3		0		0		0		0		
767		0		448		272		336		0		
767		1		1632		592		144		240		
767		2		10194		480		160		560		
767		3		0		0		0		0		
768		0		464		272		336		448		
768		1		1344		624		160		528		
768		2		3632		432		128		544		
768		3		0		0		0		0		
769		0		512		144		208		0		
769		1		464		496		208		624		
769		2		480		496		144		528		
769		3		48		0		0		0		
770		0		352		128		192		65520		
770		1		192		800		432		592		
770		2		208		480		176		512		
770		3		0		0		0		0		
771		0		65520		144		192		256		
771		1		128		800		560		416		
771		2		128		432		160		576		
771		3		0		0		0		0		
772		0		65520		128		160		65520		
772		1		160		816		576		400		
772		2		144		480		176		560		
772		3		0		0		0		0		
773		0		288		128		176		65504		
773		1		224		784		784		592		
773		2		160		464		208		528		
773		3		0		0		0		0		
774		0		320		128		160		65520		
774		1		192		784		592		624		
774		2		144		480		208		544		
774		3		0		0		0		0		
775		0		352		368		144		65504		
775		1		224		784		576		384		
775		2		176		496		240		528		
775		3		0		0		0		0		
776		0		368		128		160		65504		
776		1		512		768		544		608		
776		2		192		464		176		512		
776		3		0		0		0		0		
777		0		336		128		144		65520		
777		1		192		800		624		608		
777		2		160		496		144		240		
777		3		0		0		0		0		
778		0		352		144		208		65488		
778		1		240		816		240		576		
778		2		176		480		192		544		
778		3		0		0		0		0		
779		0		368		192		160		65520		
779		1		512		768		528		592		
779		2		160		464		192		544		
779		3		0		0		0		0		
780		0		352		128		224		65504		
780		1		208		800		480		576		
780		2		176		768		624		528		
780		3		0		0		0		0		
781		0		352		128		592		65504		
781		1		240		800		608		592		
781		2		160		480		224		544		
781		3		0		0		0		0		
782		0		352		128		160		65504		
782		1		240		784		560		608		
782		2		176		496		624		528		
782		3		0		0		0		0		
783		0		368		304		160		65504		
783		1		512		784		784		592		
783		2		224		496		224		528		
783		3		0		0		0		0		
784		0		336		368		192		65504		
784		1		240		784		576		608		
784		2		176		496		512		544		
784		3		0		0		0		0		
785		0		336		128		192		65520		
785		1		224		784		624		624		
785		2		160		768		224		544		
785		3		0		0		0		0		
786		0		368		128		608		65488		
786		1		240		800		400		576		
786		2		160		480		400		528		
786		3		0		0		0		0		
787		0		336		128		416		65504		
787		1		208		800		576		592		
787		2		176		496		208		560		
787		3		0		0		0		0		
788		0		352		128		576		65504		
788		1		224		800		464		576		
788		2		176		496		208		560		
788		3		0		0		0		0		
789		0		352		144		560		65488		
789		1		240		784		464		576		
789		2		176		496		384		544		
789		3		0		0		0		0		
790		0		336		128		160		65504		
790		1		224		784		496		560		
790		2		208		480		224		544		
790		3		0		0		0		0		
791		0		352		368		608		65488		
791		1		512		768		544		592		
791		2		224		496		192		560		
791		3		0		0		0		0		
792		0		352		128		160		256		
792		1		240		784		544		624		
792		2		176		496		192		576		
792		3		0		0		0		0		
793		0		352		128		560		65504		
793		1		224		800		544		384		
793		2		176		768		192		576		
793		3		0		0		0		0		
794		0		336		144		144		65520		
794		1		208		800		464		592		
794		2		160		768		528		560		
794		3		0		0		0		0		
795		0		320		128		224		65488		
795		1		208		816		528		560		
795		2		144		496		224		544		
795		3		0		0		0		0		
796		0		352		368		624		65488		
796		1		208		784		576		624		
796		2		144		480		384		544		
796		3		0		0		0		0		
797		0		352		368		176		65520		
797		1		224		784		592		576		
797		2		144		480		224		544		
797		3		0		0		0		0		
798		0		352		128		192		65504		
798		1		224		784		592		592		
798		2		160		480		400		544		
798		3		0		0		0		0		
799		0		368		368		192		65520		
799		1		512		816		608		576		
799		2		176		496		224		544		
799		3		0		0		0		0		
800		0		352		144		608		65504		
800		1		240		816		576		592		
800		2		176		496		240		560		
800		3		0		0		0		0		
801		0		128		368		608		65488		
801		1		528		784		768		560		
801		2		208		480		240		576		
801		3		0		0		0		0		
802		0		128		128		624		65504		
802		1		240		800		624		560		
802		2		160		768		240		560		
802		3		0		0		0		0		
803		0		128		128		176		65520		
803		1		512		800		608		560		
803		2		160		784		400		544		
803		3		0		0		0		0		
804		0		128		304		608		65504		
804		1		240		800		576		560		
804		2		144		768		240		528		
804		3		0		0		0		0		
805		0		368		144		176		65520		
805		1		240		800		560		576		
805		2		160		784		512		544		
805		3		0		0		0		0		
806		0		128		128		160		65520		
806		1		240		800		560		576		
806		2		208		784		512		544		
806		3		0		0		0		0		
807		0		128		352		176		65520		
807		1		512		768		560		592		
807		2		192		784		512		560		
807		3		0		0		0		0		
808		0		128		176		576		65472		
808		1		512		784		544		560		
808		2		192		768		240		560		
808		3		0		0		0		0		
809		0		128		128		176		65504		
809		1		512		800		560		592		
809		2		144		784		208		560		
809		3		0		0		0		0		
810		0		128		144		176		65504		
810		1		512		784		576		576		
810		2		192		784		224		544		
810		3		0		0		0		0		
811		0		144		144		128		65504		
811		1		528		816		512		560		
811		2		192		800		176		528		
811		3		0		0		0		0		
812		0		128		144		144		65520		
812		1		528		800		512		560		
812		2		176		768		192		544		
812		3		0		0		0		0		
813		0		128		144		160		65520		
813		1		512		800		528