626		0		65391		992		928		912		912		1120		912		912		992		1136		1280		1120		1136		912		928		224		
626		1		64735		34504		21141		18100		20693		20052		21013		20068		19012		21253		22389		18948		21413		19940		20260		14035		
626		2		64895		36360		23829		22165		24774		25270		24149		25942		24213		24726		28983		22917		25174		22277		22965		15155		
626		3		64751		28070		20164		20661		23365		22373		19428		20276		20773		21957		22357		20405		21557		20485		21381		12947		
626		4		64719		28599		20389		21637		22549		21221		18868		19540		19908		21589		21781		20901		22261		20052		21413		13107		
626		5		65055		23685		16676		19284		18180		17972		16388		16628		17156		17252		18884		19268		19204		17204		17620		11746		
626		6		65103		22565		17716		18660		18068		18244		16308		17156		16292		17940		18772		19492		19636		17204		18356		14003		
626		7		65151		20517		15715		16900		16548		16852		16836		14547		14371		15043		15987		17348		18180		16115		17108		12947		
626		8		65055		24662		18788		21701		20853		22181		22197		18660		17364		18436		18116		20565		20260		18628		20709		13907		
626		9		64767		24133		17892		19620		19716		20469		19156		18372		18324		17236		17796		19588		20228		17348		19332		12643		
626		10		64767		23317		19524		18132		18580		20517		18404		17764		17604		17668		18660		19908		20789		16372		20052		12835		
626		11		65087		23381		19268		17604		18052		17812		17332		16932		18532		19780		19588		20917		24037		18772		19348		14467		
626		12		65039		23093		17732		16067		16708		16788		15939		15747		17492		17716		17668		17300		19092		18068		17348		16388		
626		13		64751		25542		17876		17028		17524		18532		17316		17396		17476		18132		18564		17732		19844		18324		18212		17748		
626		14		65055		31271		21925		20100		19700		22309		19316		20357		18660		20308		21557		19508		21237		21157		20212		19316		
626		15		65055		35416		23365		19140		20933		21077		19700		19252		19172		18100		20308		17876		20244		20004		19684		19156		
627		0		65327		896		944		928		928		912		976		1120		960		1088		1008		928		896		896		1120		512		
627		1		64719		34536		21173		18084		20997		20036		21013		19892		18884		21253		22293		18676		21621		19860		19956		14067		
627		2		64719		36232		23541		22165		24790		25270		24165		25942		24213		24806		28999		22757		25126		22277		22997		15171		
627		3		64703		28070		20148		20645		23365		22165		19732		20292		20773		22101		22325		20469		21557		20212		21445		13011		
627		4		65071		28631		20405		21637		22197		21173		18900		19492		19908		21221		21493		20981		22533		20068		21621		12787		
627		5		65039		23797		16692		19092		17876		17988		16388		16612		16884		17028		18820		18900		19204		17188		17588		12082		
627		6		65055		22197		17732		18580		18068		18228		16356		17172		16692		17540		18372		19476		19588		17220		18372		13987		
627		7		65055		20533		15491		16900		16548		16804		16788		14515		14355		15395		15859		17300		18180		16067		17124		12963		
627		8		64703		24694		18788		21653		20693		22181		22165		18628		17332		18084		18116		20421		19924		18596		20677		13859		
627		9		64767		24149		17844		19652		19796		20437		19156		18372		18340		17252		17812		19636		20228		17348		19540		12611		
627		10		64767		23029		19572		18132		18660		20533		18404		17732		17604		17700		18644		20260		20837		16644		19860		12835		
627		11		64751		23397		19284		17588		18292		17972		17300		16628		18356		19588		19636		21061		24341		18708		19572		14707		
627		12		29438		8026		17733		17471		45889		5186		21566		29502		45892		54341		1092		62532		42059		33863		37956		42048		
627		13		1021		65380		22086		50243		33860		21576		9284		37957		5188		25672		17481		37957		37966		37960		29767		13381		
627		14		64703		30935		21941		20164		19988		22389		19108		20565		18788		19956		21573		19364		21573		21141		20533		19316		
627		15		65055		35432		23349		19124		20981		21077		19972		19284		19460		18244		19892		17828		20244		20004		19652		19524		
628		0		65359		944		928		1136		1120		928		928		1024		1136		1104		960		928		1136		896		1136		224		
628		1		64719		34488		21157		18100		20677		19700		20725		19876		19044		21285		22293		18948		21445		19876		19940		14051		
628		2		64671		36376		23477		22389		24790		25238		23941		25974		24245		24934		29047		23077		25158		22325		22997		15155		
628		3		64751		28134		20180		20661		23365		22389		19748		20244		20405		21925		22309		20437		21573		20485		21429		12995		
628		4		64687		28599		20453		21717		22245		21173		18884		19476		19956		21221		21813		21253		22261		20084		21445		12771		
628		5		65039		23909		16644		19252		17828		17988		16115		16612		17220		17204		18836		18916		19268		17188		17572		11714		
628		6		65151		22245		17732		18660		18276		18260		16324		17156		16260		17636		18692		19460		19652		17204		18356		14035		
628		7		65071		20501		15731		16948		16564		16884		16804		14883		14051		15219		15843		17476		17876		16083		17108		13027		
628		8		64719		24646		18740		21749		20853		22181		22197		18596		17316		18276		18292		20533		19956		18612		20677		13827		
628		9		65055		24101		17844		19620		19748		20437		19188		18420		18308		17188		17812		19780		19940		17332		19572		12627		
628		10		64751		23365		19332		18164		18580		20196		18404		17540		17620		17668		18948		19956		20821		16340		20068		12803		
628		11		64735		23381		19204		17572		18068		18004		17316		16948		18692		19812		19828		21061		24325		18724		19348		14467		
628		12		65071		23077		17668		16051		16372		16980		15971		15987		17380		17716		17396		17380		19076		18260		17524		16436		
628		13		65103		25638		17876		17236		17524		18500		17332		17316		17140		18100		18804		17748		19892		18548		18292		17716		
628		14		64719		30967		21893		20100		19700		22309		19284		20357		18660		20324		21461		19380		21573		21157		20212		19316		
628		15		64735		35416		23301		19124		20981		21045		20004		18932		19476		18052		19924		18180		20228		20020		19988		19188		
629		0		65359		960		944		928		896		944		928		960		960		1120		976		976		896		912		896		512		
629		1		64719		34472		21125		18100		20629		20004		20997		20052		18852		20981		22341		19044		21381		19892		20276		13955		
629		2		64847		36456		23541		22181		24742		25270		23957		25942		24197		24934		28647		23093		25158		22293		23029		14819		
629		3		64687		28102		20212		20725		23365		22181		19716		20308		20421		21925		22165		20437		21589		20501		21429		12995		
629		4		65039		28775		20389		21861		22213		21157		18868		19540		20292		21237		21781		21349		22229		20052		21413		13107		
629		5		64751		23925		16372		19220		18292		17956		16388		16932		16820		17236		18884		19236		19204		17156		17620		11762		
629		6		64751		22565		17716		18596		18052		18276		16324		17156		16308		17764		18356		19348		19700		17172		18356		14035		
629		7		65071		20501		15491		16612		16548		16804		16788		14515		14211		15363		15779		17348		18196		16083		17092		12995		
629		8		64767		24470		18804		21717		20853		22389		22149		18596		17364		18132		18276		20565		20276		18580		20629		13875		
629		9		65039		24149		17812		19668		19732		20389		19140		18356		18500		17236		17812		19812		19956		17300		19460		12643		
629		10		65055		23013		19540		18148		18788		20517		18388		17556		17972		17396		18804		19908		20805		16356		19700		12835		
629		11		65055		23013		19236		17588		18292		17796		17348		16948		18404		19732		19636		21109		24053		18788		19364		14691		
629		12		64703		23109		17748		16035		16372		16916		15939		15747		17524		17780		17348		17284		19076		18260		17524		16420		
629		13		64719		25478		17892		17236		17284		18500		17300		17380		17428		18116		18612		17780		19876		18308		18068		17764		
629		14		64703		31239		22133		20340		20004		22373		19092		20357		18564		19940		21525		19380		21557		21141		20180		19076		
629		15		65055		35224		23317		19156		20965		21061		19684		19252		19492		18084		20292		18004		20228		20084		20036		19524		
630		0		65343		960		976		912		960		944		1136		928		896		1136		1008		944		960		1136		1104		224		
630		1		64767		34856		21141		18116		20677		20068		21013		19908		18852		21253		22165		19028		21397		19892		19956		13971		
630		2		64703		36424		23477		22149		25094		25286		23989		25958		24437		24710		28983		23093		25142		22325		23013		15139		
630		3		64751		28246		20148		20661		23349		22373		19444		20260		20821		22117		22389		20373		21621		20196		21397		13027		
630		4		64719		28551		20405		21653		22261		21157		18852		19476		20276		21237		21813		21269		22549		20068		21397		13059		
630		5		64767		23749		16372		19268		17876		18004		16388		16628		17156		17076		18884		18916		19316		17204		17940		12034		
630		6		64767		22261		17540		18628		18276		18244		16292		17204		16660		17556		18436		19508		19636		16884		18340		14003		
630		7		65119		20517		15731		16628		16532		16996		16772		14547		14339		15043		15779		17460		17844		16067		17412		12947		
630		8		64719		24454		18788		21733		20613		22165		22213		18564		17332		18052		18292		20437		20276		18628		20709		13875		
630		9		65039		23957		17828		19620		19732		20453		19140		18388		18308		17236		17972		19828		19924		17300		19348		12627		
630		10		64719		23317		19556		18148		18788		20517		18404		17732		17604		17716		18980		20292		20789		16660		19860		12803		
630		11		64767		23397		19204		17636		18276		17796		17316		16996		18420		19764		19588		21061		24389		18756		19348		14499		
630		12		65087		23125		17684		16035		16356		16948		15955		15971		17364		17684		17684		17524		19108		18052		17300		16404		
630		13		65039		25670		17892		17204		17284		18148		17284		17380		17444		18116		18756		17396		20068		18532		18228		17732		
630		14		64703		30935		21957		20148		19700		22357		19124		20357		18676		19940		21397		19556		21557		21365		20533		19076		
630		15		64703		35416		23301		19188		20981		21061		19668		19204		19108		18212		20308		17860		20260		20020		19668		19524		
631		0		65375		1008		928		944		928		896		928		928		1136		1104		1296		1040		960		896		896		208		
631		1		64767		34680		21141		18148		20645		19844		21029		20052		18820		20965		22309		19012		21413		19876		20260		13971		
631		2		64655		36248		23813		22197		24806		25318		23941		25974		24421		24758		28807		23061		25206		22325		23013		14995		
631		3		64735		28038		20148		20661		23333		22293		19428		20292		20789		21925		21909		20469		21557		20212		21397		13011		
631		4		64687		28599		20421		21669		22213		21237		18884		19188		20276		21237		21845		21333		22245		19860		21381		13123		
631		5		65039		23685		16356		19092		18244		17972		16083		16628		17172		17252		19044		19204		19220		17204		17588		11746		
631		6		65039		22645		17732		18644		18100		18244		16340		16852		16660		17540		18756		19348		19668		17204		18340		14067		
631		7		64767		20148		15731		16612		16724		16820		16788		14867		14387		15075		15555		17524		17892		16067		17412		12995		
631		8		65055		24694		18788		21717		20837		22181		22213		18804		17284		18292		18260		20437		20324		18628		20693		13875		
631		9		64751		24085		17876		19620		19716		20405		19092		18372		18356		17252		17956		19428		19956		17284		19524		12611		
631		10		64719		23349		19540		18116		18580		20517		18420		17748		18020		17764		18772		20260		20789		16356		20084		12867		
631		11		65039		23413		19268		17636		18244		18004		17300		16996		18372		19620		19780		20981		24053		18740		19348		14515		
631		12		65039		23141		17716		16051		16644		17012		15987		15779		17380		17556		17684		17300		19092		18292		17300		16420		
631		13		65055		25670		17908		17028		17508		18468		17300		17668		17412		18132		18676		17684		19844		18532		18260		17700		
631		14		64735		30951		21909		20340		20004		22341		19300		20581		18788		19940		21605		19380		21573		21157		20565		19300		
631		15		64751		35448		23013		19124		20965		21109		19988		19284		19156		18228		20308		17860		20228		20020		19972		19476		
632		0		65343		960		912		944		896		928		912		928		1296		1136		1296		1104		912		896		928		240		
632		1		64767		34456		21141		18164		20693		20052		20997		19860		18836		20965		22373		18852		21381		19892		20276		13955		
632		2		64895		36232		23813		22165		24806		25334		23941		25734		24373		24790		29015		23045		25142		22341		23013		15187		
632		3		64751		28086		20180		20645		23013		22277		19716		20244		20837		21989		22309		20741		21541		20196		21413		13011		
632		4		64751		28583		20437		21653		22197		21205		18900		19476		20276		21205		21445		20917		22213		20052		21429		13059		
632		5		65071		23893		16356		19108		18180		18004		16067		16932		17204		17220		19060		19268		19236		17188		17572		11698		
632		6		64751		22261		17716		18964		18084		18260		16308		17172		16308		17556		18404		19492		19668		17188		18308		13987		
632		7		65071		20517		15491		16948		16532		16836		16788		14579		14035		14979		15779		17284		17860		16051		17060		13011		
632		8		64751		24662		18788		22021		20613		22165		22213		18660		17684		18068		18244		20549		20260		18580		20997		13699		
632		9		65055		24117		17844		19620		19748		20421		19172		18372		18372		17044		18020		19828		19908		17332		19540		12611		
632		10		64735		23381		19556		18164		18580		20533		18388		17540		17572		17540		18580		19892		20837		16356		19844		12851		
632		11		65039		23317		19236		17652		18244		18036		17316		16964		18388		19812		19668		21109		23989		18708		19348		14499		
632		12		64767		23125		17700		16067		16660		17012		15955		15747		17348		17700		17396		17492		19076		18052		17316		16452		
632		13		65039		25542		17876		17236		17492		18468		17332		17364		17076		18068		18564		17780		19844		18340		18292		17540		
632		14		64687		31239		21941		20340		20004		22325		19108		20357		18804		19940		21525		19332		21509		21365		20501		19316		
632		15		64751		35368		23029		19476		20901		21029		19972		19268		19476		18084		19956		17844		20260		20068		19684		19460		
633		0		65375		1136		912		928		928		928		928		1008		1136		1104		944		1136		896		896		1120		512		
633		1		64735		34488		21141		18132		20677		20052		20709		19860		18852		20965		22293		18676		21621		19908		20228		13987		
633		2		64703		36456		23813		22149		25094		25302		23957		25734		24261		24790		28999		23061		25110		22325		22997		15139		
633		3		64735		28278		20180		20709		23365		22149		19780		20292		20741		22101		22389		20437		21573		20212		21445		12947		
633		4		64671		28583		20437		21733		22213		21173		18900		19492		19924		21221		21781		20933		22213		20084		21413		13155		
633		5		65071		23701		16708		19284		17908		17972		16067		16612		17188		17220		18820		18900		19236		17220		17588		11762		
633		6		64767		22261		17764		18612		18052		18068		16308		16884		16276		17780		18404		19556		19652		17236		18404		14035		
633		7		65055		20212		15507		16628		16532		16820		16772		14867		14435		14979		15779		17460		18180		16067		17108		12979		
633		8		64735		24454		18772		22053		20629		22533		22229		18660		17668		18068		18116		20533		20324		18596		20709		13843		
633		9		65039		23781		17844		19588		19732		20741		19108		18420		18372		17172		18020		19636		19940		17348		19540		12659		
633		10		29437		57179		5452		42055		46153		54352		1352		58437		25669		46149		25674		1103		9297		13632		62542		25650		
633		11		13053		65371		30027		17477		62535		33862		17476		29762		9288		13389		46157		29778		46431		1353		5196		25657		
633		12		65071		23125		17684		16115		16676		17012		15971		15747		17348		17668		17716		17364		19092		18292		17332		16115		
633		13		64767		25510		17892		17028		17492		18484		17316		17668		17460		18436		18772		17732		19844		18548		18212		17732		
633		14		64655		30919		21941		20132		20004		22373		19300		20581		18564		19924		21573		19444		21509		21173		20533		19076		
633		15		64735		35432		23333		19124		20949		21061		19972		19252		19188		18100		20276		17812		20228		20020		19972		19492		
634		0		65359		1344		912		912		944		944		896		1024		912		1136		976		896		912		944		928		240		
634		1		64735		34504		21141		18148		20725		20052		21013		19892		19060		20949		22309		18660		21381		19892		20292		13971		
634		2		64655		36472		23541		22149		24822		25606		23957		25750		24405		24790		28855		23141		25142		22293		22997		15187		
634		3		64719		28246		20164		20645		23301		22389		19732		20276		20821		22101		22325		20421		21525		20501		21413		12963		
634		4		64751		28775		20437		21653		22213		21173		18900		19188		20276		21221		21477		21269		22549		20068		21413		12787		
634		5		64735		23925		16676		19236		18180		17972		16083		16612		16868		17220		18884		18900		19220		17220		17924		11730		
634		6		64751		22533		17716		18644		18052		18260		16340		16852		16708		17556		18420		19348		19604		17172		18308		14003		
634		7		65071		20517		15491		16628		16580		16804		16788		14563		13987		15075		15779		17300		18180		16051		17108		12995		
634		8		64703		24694		18596		22053		20661		22197		22181		18596		17524		18052		18228		20533		20308		18596		20693		13923		
634		9		64751		23781		17844		19812		19732		20437		19172		18372		18324		17204		17940		19748		19924		17300		19540		12627		
634		10		64719		23365		19348		18148		18580		20517		18692		17732		17636		17700		18596		19860		20821		16340		19844		12851		
634		11		65071		23413		19220		17956		18052		18020		17332		16980		18388		19812		19588		21077		24021		18724		19364		14531		
634		12		64703		23125		17764		16067		16692		17012		15971		15763		17396		17684		17668		17524		19300		18068		17300		16420		
634		13		64751		25718		18212		17220		17316		18452		17316		17668		17492		18452		18660		17700		20084		18500		18276		17716		
634		14		64719		30887		21925		20132		19988		22389		19108		20373		18628		19956		21381		19492		21525		21125		20533		19076		
634		15		64703		35352		23333		19124		20949		21093		19988		19236		19076		18196		20244		17812		20244		20036		19700		19492		
635		0		65375		896		928		928		896		944		944		960		960		1056		960		960		896		896		912		224		
635		1		64751		34456		21157		18164		20693		20036		21013		19860		18836		20981		22293		18820		21381		19924		20244		13955		
635		2		64831		36472		23541		22165		24806		25286		23989		25974		24405		24806		28951		23093		25174		22325		23013		15187		
635		3		64879		28086		20148		20677		23365		22341		19716		19956		20837		21973		22325		20453		21573		20501		21621		12979		
635		4		65071		28615		20437		21877		22261		21125		18900		19172		20260		21221		21781		21285		22229		19860		21397		13059		
635		5		64767		23893		16644		19252		18228		17972		16388		16628		16868		17268		18900		18900		19236		17204		17604		11746		
635		6		64751		22565		17716		18660		18292		18260		16356		16868		16692		17556		18340		19476		19620		17156		18372		14035		
635		7		65087		20148		15699		16580		16516		16772		16980		14531		14371		14995		15971		17412		17844		16019		17092		13155		
635		8		65103		24694		18788		22037		20629		22245		22229		18660		17700		18084		18292		20437		20260		18628		20997		13907		
635		9		64687		24133		17844		19604		19732		20421		19108		18340		18548		17268		18004		19732		19924		17316		19556		12419		
635		10		64703		23301		19556		18164		18804		20517		18420		17748		17924		17668		18580		20276		20805		16356		20068		12803		
635		11		65071		22997		19236		17588		18292		17860		17348		16964		18388		19764		19604		21093		24325		18740		19332		14499		
635		12		65039		23061		17684		16099		16644		16788		15971		15811		17396		17668		17684		17396		19300		18292		17284		16404		
635		13		65039		25654		17892		17236		17284		18484		17316		17348		17508		18452		18772		17620		20084		18548		18244		17748		
635		14		64751		30951		21909		20340		19988		22341		19140		20597		18564		20244		21509		19380		21541		21125		20533		19092		
635		15		64751		35016		22997		19156		20917		21045		19700		19236		19476		18052		20244		17796		20276		20036		19988		19524		
636		0		65295		1136		912		912		1136		960		960		912		1008		1088		976		1136		928		896		896		224		
636		1		64767		34456		21141		18132		20661		20004		21013		19844		18852		20981		22325		19044		21413		19908		20260		14195		
636		2		29437		52878		2140		58711		38242		5731		50782		38245		38495		46433		42609		38746		21858		22103		9562		62779		
636		3		25341		57198		34383		50257		50523		5463		13645		5199		1105		13654		50519		9553		25940		17744		1364		34099		
636		4		64671		28567		20389		21861		22197		21125		18900		19460		19892		21189		21765		20885		22245		20052		21397		13091		
636		5		65055		23749		16676		19316		17908		17956		16404		16580		17156		17220		18820		19252		19284		17236		17636		11762		
636		6		65071		22213		17748		18804		18052		18068		16340		16852		16692		17764		18324		19540		19620		17204		18340		14003		
636		7		65103		20116		15699		16916		16532		16772		16804		14515		13955		15363		15971		17460		17860		16035		17060		12947		
636		8		65071		24486		18788		22037		20645		22229		22549		18628		17684		18292		18228		20405		20308		18628		20693		13891		
636		9		64767		23765		17828		19588		19780		20741		19124		18372		18372		17028		18004		19748		19924		17300		19556		12643		
636		10		64751		23381		19556		18116		18612		20517		18692		17732		17604		17572		18628		20260		20837		16644		20084		12803		
636		11		64767		23381		19236		17556		18292		17940		17316		16932		18388		19652		19796		20917		24373		18740		19572		14515		
636		12		65071		23109		17748		16051		16644		16980		15763		15747		17668		17684		17348		17348		19156		18052		17300		16420		
636		13		65071		25718		17844		17236		17524		18484		17380		17332		17460		18100		18788		17716		20036		18532		18244		17748		
636		14		64703		31255		21909		20132		19988		22325		19140		20357		18980		20292		21557		19332		21509		21125		20533		19108		
636		15		64703		35432		23013		19188		21253		21093		20036		18900		19492		18196		20308		17892		20292		20052		19700		19492		
637		0		65359		1136		944		912		1120		928		1136		944		1296		1056		976		1136		960		944		928		528		
637		1		64751		34488		21141		18116		20645		20068		20693		20068		18916		20933		22309		18980		21397		19876		19956		13987		
637		2		64687		36440		23813		22197		24790		25286		23973		25734		24389		24726		28967		23109		25174		22293		23301		15187		
637		3		64751		28038		20116		20677		23349		22149		19732		20260		20773		21909		22389		20469		21573		20485		21429		12979		
637		4		64767		28599		20405		21717		22549		21141		18868		19460		20324		21205		21765		20917		22245		20068		21429		13107		
637		5		64767		23733		16356		19124		17876		18004		16388		16612		17172		17236		18868		19252		18932		17220		17620		12050		
637		6		65071		22213		17700		18676		18292		18292		16356		17172		16692		17572		18420		19556		19636		17172		18340		14051		
637		7		65103		20485		15539		16516		16596		17012		16772		14547		13987		15203		15907		17476		18180		16035		17108		12963		
637		8		64751		24502		18788		21701		20629		22229		22245		18612		17508		18148		18276		20565		20276		18612		20709		13891		
637		9		64767		23797		17812		19652		19716		20437		19156		18404		18356		17204		17988		19748		19956		17332		19524		12435		
637		10		64751		22933		19540		18452		18564		20485		18692		17780		17972		17716		18788		19924		20789		16644		19876		12867		
637		11		64735		23333		19268		17620		18052		18004		17348		16900		18548		19748		19748		20933		24037		18724		19572		14707		
637		12		29438		8026		5445		21567		54081		5186		25662		21310		29508		37957		9285		1092		54347		25671		42052		50240		
637		13		1022		8036		17990		54339		37956		33864		5188		46148		54339		50248		13385		37957		37966		25672		42055		13381		
637		14		64735		30919		21893		20340		20004		22341		19092		20373		18756		20276		21573		19380		21509		21141		20485		19316		
637		15		64735		35384		23029		19140		20917		21061		19972		19220		19540		18244		20292		18180		20276		20004		19684		19524		
638		0		65311		928		944		976		928		928		912		912		1008		1056		928		992		944		912		896		192		
638		1		64735		34488		21141		18164		20693		20052		21029		19876		19028		21333		22341		18964		21381		19892		19956		14019		
638		2		64879		36424		23525		22341		24806		25286		23941		25974		24373		24806		29015		23061		24982		22341		23013		15155		
638		3		64751		28102		20164		21013		23413		22149		19764		20228		20853		21989		21973		20805		21573		20517		21413		13043		
638		4		64735		28631		20421		21653		22597		21365		18916		19476		19908		21573		21781		20917		22533		20084		21397		13075		
638		5		65055		23717		16372		19284		18212		18004		16388		16596		16804		17076		19028		19220		19236		17188		17588		11714		
638		6		64751		22229		17780		18612		18292		18244		16308		17156		16372		17652		18692		19156		19668		17156		18516		14051		
638		7		65151		20164		15731		16612		16516		16932		17012		14499		14035		15219		15891		17284		17892		16019		17092		12963		
638		8		64911		24678		18788		21733		20613		22197		22261		18612		17668		18132		18084		20533		20260		18596		20693		13875		
638		9		64751		24117		17828		19652		19716		20389		19188		18356		18308		16852		17940		19828		19924		17348		19364		12643		
638		10		65055		23013		19380		18116		18596		20517		18420		17588		18036		17668		18628		20276		20757		16356		20052		12803		
638		11		64735		23381		19204		17940		18068		18020		17348		16964		18324		19828		19604		21061		24021		18740		19348		14467		
638		12		65039		23093		17764		16099		16660		16964		15923		15763		17364		17668		17684		17524		19316		18068		17332		16468		
638		13		65055		25606		18180		17060		17284		18500		17380		17380		17444		18100		18804		17732		20084		18548		18052		17716		
638		14		64735		30935		21957		20148		20004		22341		19108		20357		18964		20260		21509		19348		21557		21173		20533		19076		
638		15		64751		35224		23029		19188		20965		21045		19972		19252		19460		18068		20260		17844		20276		20068		19668		19508		
639		0		65375		928		912		912		1136		944		960		960		960		944		976		1280		928		928		944		192		
639		1		64719		34552		21157		18100		20693		20036		20725		20068		18964		21317		22389		18948		21381		19908		20260		14003		
639		2		64895		36424		23525		22389		24790		25270		23957		25750		24293		24822		29015		23077		25174		22325		22981		15139		
639		3		64735		28070		20180		20709		23333		22149		19732		20244		20805		21957		22325		20437		21541		20212		21413		13011		
639		4		64847		28615		20757		21669		22261		21173		18900		19188		19956		21525		21797		20917		22261		20036		21605		13059		
639		5		64767		23909		16676		19316		18180		17940		16388		16548		16820		17236		18820		19316		19236		17172		17636		11746		
639		6		64479		22549		17716		18644		18052		18212		16372		16836		16340		17956		18420		19460		19652		17204		18532		14035		
639		7		65119		20517		15715		16900		16516		16788		16804		14515		14339		15219		15891		17412		17812		16067		17124		12947		
639		8		65055		24534		18804		21717		20661		22181		22197		18580		17748		18436		18292		20533		20260		18612		20709		13891		
639		9		65055		24133		17844		19604		19764		20453		19172		18356		18324		17236		17652		19780		19924		17300		19540		12659		
639		10		29438		16218		62796		37959		58441		29776		5449		5189		42053		62533		5193		54350		42065		17729		9294		42034		
639		11		21246		12123		9547		9285		46151		37958		13380		50242		9288		21581		33869		9298		50527		5449		5196		42041		
639		12		65071		22773		17716		16211		16644		16948		15763		15747		17524		17540		17716		17476		19316		18052		17524		16388		
639		13		65039		25510		18196		17156		17284		18452		17364		17396		17492		18084		18580		17748		20084		18308		18244		17732		
639		14		64751		30903		21957		20148		19972		22357		19108		20565		18980		20228		21541		19412		21557		21173		20501		19076		
639		15		64735		35384		23301		19172		20965		21093		19988		19236		19172		18212		19876		18196		20260		20068		20004		19172		
640		0		65295		976		928		928		1136		928		1136		928		912		912		960		1072		960		896		928		240		
640		1		64703		34440		21173		18164		20709		20052		21029		20052		18820		20981		22357		18596		21397		19908		20308		13955		
640		2		64687		36392		23509		22373		24806		25302		23989		25894		24213		24710		28663		22917		25126		22293		23349		15155		
640		3		64767		28038		20164		20725		23317		22373		19764		20228		20805		21957		22357		20677		21237		20196		21381		12995		
640		4		65039		28599		20421		21877		22229		21173		18900		19476		20116		21589		21429		21301		22533		20068		21413		13075		
640		5		65039		23925		16372		19220		18180		17940		16404		16596		17172		17044		18916		19284		19284		17204		17652		11762		
640		6		65039		22565		17700		18596		18292		18276		16356		17172		16500		17780		18388		19572		19652		17204		18324		14179		
640		7		65055		20132		15667		16916		16756		17012		17012		14515		14339		15187		15907		17460		17828		16035		17076		13171		
640		8		29438		3936		34377		46166		1361		46423		50519		62793		46149		13383		33863		21584		9551		9289		54353		54582		
640		9		8957		65374		30022		50253		29772		58448		58699		54344		37960		50243		37958		37965		13390		50244		42060		21553		
640		10		64703		22981		19332		18452		18580		20485		18692		17748		17572		17780		18628		20244		20789		16644		20052		12803		
640		11		65087		23349		19252		17588		18084		18004		17364		16948		18420		19780		19748		20981		24325		18772		19364		14499		
640		12		65071		22773		17764		16099		16692		16772		15747		15763		17332		17540		17684		17332		19076		18052		17476		16404		
640		13		65087		25718		18212		17044		17492		18468		17364		17380		17108		18164		18580		17716		19844		18516		18292		17716		
640		14		65039		30903		21973		20132		20020		22357		19140		20581		19012		19924		21525		19572		21557		21157		20597		19076		
640		15		64719		35432		23317		19172		20901		21093		19988		19268		19460		18260		20276		17844		20260		20052		19684		19508		
641		0		65375		912		928		1120		896		960		912		896		928		1120		992		1072		896		896		896		224		
641		1		65055		34488		21125		18068		20677		20036		21029		20068		18820		20949		22005		19028		21381		19924		20228		13955		
641		2		64671		36440		23813		22149		24790		25254		23941		25974		24405		24774		29031		23061		25158		22293		23317		15123		
641		3		64735		28246		20164		20725		23333		22389		19748		20228		20437		21893		22341		20437		21573		20501		21429		12947		
641		4		64671		28791		20421		21797		22245		21349		18900		19460		19892		21189		21445		20981		22533		20036		21605		13155		
641		5		65087		23893		16372		19252		18180		17652		16388		16612		16836		17060		18884		18932		19236		17204		17588		11746		
641		6		65039		22213		17732		18660		18260		18260		16356		16884		16708		17780		18372		19540		19620		17204		18356		14003		
641		7		65071		20116		15731		16612		16708		16996		16772		14483		14035		15203		15587		17428		17796		16051		17060		13155		
641		8		64735		24454		18788		21733		20629		22165		22533		18612		17700		18068		18228		20389		20308		18644		20997		13923		
641		9		64767		23797		17876		19636		19780		20453		19460		18356		18548		17156		17812		19748		19924		17348		19524		12643		
641		10		64703		23301		19364		18164		18580		20517		18404		17780		17604		17748		18612		19876		20853		16340		20084		12883		
641		11		64767		23349		19300		17636		18068		17972		17348		16964		18340		19588		19780		20869		24053		18708		19332		14499		
641		12		65055		23141		17748		16099		16660		16788		15971		15763		17316		17700		17684		17492		19140		18292		17300		16388		
641		13		65039		25718		18228		17028		17444		18500		17316		17364		17460		18052		18756		17572		19924		18548		18276		17732		
641		14		64687		30919		21973		20132		20004		22309		19124		20597		19028		19924		21541		19348		21525		21141		20565		19092		
641		15		64719		35224		23301		19172		21253		21077		20052		19284		19460		18196		20308		17812		20260		20084		19972		19188		
642		0		65343		944		928		944		1136		960		912		912		992		992		944		928		928		1136		912		240		
642		1		64751		34664		21173		18148		20997		20020		21029		20084		18996		20965		22325		18820		21429		19908		20260		13971		
642		2		64719		36456		23509		22389		24822		25254		23941		25974		24405		24758		28807		23093		25174		22341		23029		15187		
642		3		64767		28246		20212		20725		23413		22149		19732		20292		20789		22133		22277		20405		21589		20196		21429		12979		
642		4		64735		28599		20469		21877		22245		21349		18884		19476		20260		21157		21813		21269		22245		19844		21589		13075		
642		5		65055		23877		16676		19300		18228		17972		16388		16580		16868		17220		18836		18852		19268		17204		17540		12034		
642		6		65103		22549		17700		18676		18068		18276		16340		17156		16340		17652		18340		19540		19588		17172		18308		13987		
642		7		65103		20517		15683		16628		16516		16980		16980		14483		13955		15027		15747		17140		17860		16019		17268		12947		
642		8		64719		24646		18564		22037		20853		22229		22229		18660		17284		18148		18212		20389		20276		18612		20709		13827		
642		9		64751		24085		17828		19620		19780		20389		19156		18324		18356		17236		18020		19796		20260		17332		19332		12611		
642		10		64751		23013		19332		18436		18596		20549		18708		17748		17940		17668		18772		19956		20805		16676		19876		12803		
642		11		65055		23365		19300		17636		18068		17972		17316		16900		18356		19588		19588		21045		24341		18708		19332		14467		
642		12		65119		23157		17732		16115		16356		16772		15747		15747		17508		17684		17300		17284		19108		18068		17508		16436		
642		13		64751		25478		17876		17252		17300		18164		17348		17348		17444		18436		18788		17540		19876		18532		18244		17700		
642		14		64703		30903		21941		20100		20052		22325		19124		20597		18676		20244		21509		19332		21525		21173		20501		19076		
642		15		65039		35384		23333		19188		20981		21013		19972		19268		19460		18084		19924		18180		20244		20004		19684		19460		
643		0		65327		928		896		976		896		976		1136		944		944		1120		960		1056		912		912		1040		208		
643		1		64703		34520		21125		18100		20661		20020		21029		20036		18836		20965		21957		19060		21397		20228		20276		13955		
643		2		64671		36424		23509		22149		24742		25286		24021		25974		24341		24710		28935		23109		25094		22325		23029		15219		
643		3		64719		28070		20148		20725		23317		22389		19828		20228		20821		21941		22373		20453		21557		20485		21413		12995		
643		4		64719		28615		20389		21685		22229		21157		18884		19188		20244		21221		21477		21285		22261		20020		21397		13075		
643		5		65087		23925		16660		19316		17892		17956		16404		16564		16820		17236		19044		19252		19204		17204		17572		11762		
643		6		65039		22549		17732		18660		18068		17428		16324		16884		16660		17924		18692		19172		19652		17188		18548		14003		
643		7		65055		20132		15715		16628		16740		16772		16772		14691		14339		15219		15603		17492		17828		16083		17044		13139		
643		8		65039		24454		18788		21749		20629		22213		22549		18596		17284		18276		18260		20389		20292		18628		20693		13891		
643		9		65039		24101		17844		19812		19716		20469		19460		18308		18468		17156		17652		19828		19908		17380		19332		12627		
643		10		65039		23029		19332		18132		18644		20485		18708		17748		17988		17684		18788		20276		20789		16660		19892		12819		
643		11		65039		23365		19284		17956		18292		18004		17300		16900		18420		19780		19748		21109		24325		18788		19332		14467		
643		12		65039		22933		17732		16115		16676		16772		15811		15747		17396		17716		17300		17508		19156		18276		17300		16388		
643		13		65151		25718		18228		17044		17284		18436		17380		17668		17428		18452		18596		17572		19892		18532		18228		17396		
643		14		64751		30887		22277		20180		20036		22357		19076		20405		18596		20276		21621		19508		21557		21365		20581		19076		
643		15		64703		35448		23317		19076		20981		21077		19972		19252		19092		18196		19956		17812		20260		20036		19684		19492		
644		0		65343		976		944		1008		960		1136		896		928		928		896		944		1088		928		896		992		224		
644		1		64863		34488		21157		18148		20709		20020		21061		19844		18996		20917		22005		18996		21429		19908		20260		14019		
644		2		64895		36424		23541		22149		25094		25302		23973		25910		24373		24934		28663		22917		25158		22357		23013		15171		
644		3		64735		28102		20164		20725		23317		22149		19812		19940		20853		22101		21989		20453		21605		20212		21397		12979		
644		4		64751		28615		20421		21781		22261		21349		18932		19460		20116		21221		21477		21269		22533		20068		21589		13091		
644		5		65055		23909		16676		19316		18212		17988		16420		16532		16884		17236		19060		18916		19220		17188		17572		11762		
644		6		65039		22213		17716		18628		18260		18212		16292		17204		16308		17652		18372		19172		19588		17156		18324		14003		
644		7		65087		20180		15491		16740		16516		16980		16996		14515		14339		15059		15971		17412		18036		16243		17060		12947		
644		8		64735		24662		18564		21749		20629		22229		22229		18580		17684		18260		18212		20389		20276		18612		20661		13891		
644		9		65039		24101		17860		19668		19748		20437		19460		18324		18308		17156		17636		19764		19908		17380		19572		12643		
644		10		65055		22965		19556		18100		18628		20485		18708		17780		17988		17556		18788		19892		20821		16340		20052		12819		
644		11		64767		23333		19284		17652		18292		18004		17332		16612		18548		19652		19812		21045		24037		18788		19572		14483		
644		12		65087		23157		17748		16035		16676		16772		15747		15763		17476		17668		17300		17332		19092		18052		17524		16436		
644		13		64687		25702		18212		17076		17492		18452		17364		17332		17108		18484		18596		17700		19860		18532		18276		17700		
644		14		64719		30935		21989		20100		19972		22325		19108		20597		18948		20244		21621		19556		21509		21141		20549		19108		
644		15		64735		35208		23333		19124		20965		21093		19988		19220		19108		18244		20244		18212		20292		20036		19972		19172		
645		0		65311		928		896		928		1136		928		976		944		896		1136		896		1088		896		944		912		528		
645		1		64751		34680		21157		18052		20725		20052		21093		20068		19028		21365		22165		19028		21413		19876		20260		14003		
645		2		64655		36392		23525		22149		24774		25302		24005		25958		24437		24710		28983		23077		25142		22325		23317		15203		
645		3		64735		28054		20164		20709		23349		22357		19716		20276		20789		21957		22341		20437		21221		20212		21381		13027		
645		4		64751		28551		20469		21861		22261		21157		18884		19460		20324		21509		21781		20917		22549		20036		21621		13091		
645		5		65103		23829		16740		18916		17892		18020		16115		16596		16884		17236		19220		18900		19252		16884		17572		12034		
645		6		65071		22213		17748		18612		18052		18260		16340		16884		16708		17764		18772		19332		19652		17188		18340		13971		
645		7		65071		20565		15731		16932		16516		16820		16996		14563		14019		15043		15987		17412		17844		16019		17124		12947		
645		8		64735		24694		18564		21749		20629		22229		22533		18612		17380		18292		18212		20421		19940		18660		20661		13907		
645		9		65039		23765		17876		19636		19732		20437		19140		18372		18324		17252		17796		19732		20244		17284		19508		12627		
645		10		64767		23349		19556		18164		18612		20485		18692		17748		17956		17748		18628		20228		20805		16372		20084		12883		
645		11		64751		23381		19316		17652		18052		18020		17380		16948		18548		19636		19764		21077		24357		18724		19332		14499		
645		12		65039		23045		17764		16019		16708		16980		15971		15859		17300		17556		17332		17364		19092		18292		17284		16404		
645		13		65071		25718		18180		17220		17492		18500		17364		17316		17428		18148		18644		17684		19876		18308		18244		17716		
645		14		64719		30919		22277		20148		20036		22373		19156		20581		18980		19940		21541		19380		21541		21157		20485		19076		
645		15		64719		35352		23365		19284		21253		21077		19988		19220		19476		18244		19892		18212		19924		20052		19700		19492		
646		0		65327		960		928		912		912		1040		928		944		896		928		912		1104		1136		1136		896		528		
646		1		65039		34632		21173		18148		20709		20036		20709		20084		19028		21317		22309		18980		21429		19892		20276		14003		
646		2		64895		36440		23509		22181		25094		25302		24181		25734		24421		24710		28983		23093		25174		22341		22997		15203		
646		3		64703		28086		20212		20837		23381		22357		19748		20228		20821		21957		22005		20421		21509		20212		21413		12979		
646		4		64703		28567		20389		21637		22229		21125		18916		19508		19940		21205		21397		20917		22245		20052		21397		13059		
646		5		65039		23733		16692		19284		17892		17796		16388		16580		16868		17060		18836		19284		18932		17188		17604		11730		
646		6		65039		22533		17716		18628		18292		18276		16356		17188		16660		17540		18724		19156		19636		17172		18324		14019		
646		7		65087		20116		15699		16900		16756		16804		16788		14499		13971		15027		15571		17508		17828		16211		17028		13171		
646		8		29437		61280		42569		37973		50513		34135		50519		58697		42053		17479		21575		13392		62799		17481		54353		54582		
646		9		21246		3933		54598		50253		58445		17488		62795		54344		29768		25667		25670		5197		46159		5188		50252		21553		
646		10		64767		22997		19332		18164		18612		20581		18740		17556		17572		17380		18420		19924		20789		16644		20068		12851		
646		11		64767		23349		19220		17940		18052		17972		17316		16964		18548		19668		19588		21029		24325		18740		19364		14691		
646		12		64767		23109		17780		16067		16676		16996		15971		15827		17508		17716		17396		17492		19108		18052		17524		16099		
646		13		65087		25718		17892		17172		17284		18436		17668		17380		17492		18100		18724		17668		19876		18308		18276		17748		
646		14		64719		30919		22005		20116		20036		22373		19156		20405		18964		20324		21445		19556		21221		21125		20501		19092		
646		15		64735		35208		23381		19140		20981		21077		20020		19204		19460		18100		20308		17860		20276		19844		19700		19476		
647		0		65311		960		944		912		896		1120		912		960		976		1120		976		1088		912		896		1104		240		
647		1		64767		34520		21125		18228		20677		20052		21013		19860		18868		20949		21989		18660		21381		19908		20228		13955		
647		2		64655		36072		23525		22149		24822		25302		23957		25910		24405		24934		28983		23061		25174		22325		23029		15171		
647		3		64767		28134		20485		21061		23397		22181		19780		19924		20757		21941		22341		20773		21605		20196		21413		12979		
647		4		64735		28567		20421		21653		22245		21173		18900		19476		19924		21173		21493		20917		22245		19844		21621		13139		
647		5		65039		23909		16660		19092		18196		17988		16436		16564		17188		17156		18868		18884		19268		17236		17636		11730		
647		6		65055		22549		17700		18612		18084		18276		16356		17156		16324		17556	